reports,templates
Josh Allen completed 6-of-15 passes for 74 yards in Buffalo's Week 1 game against Baltimore.,${player_name} completed ${pass_completions} of ${pass_attempts} passes for ${pass_yards} yards in ${team}'s week ${week} game against ${opp}.
Josh Allen completed 18-of-33 passes for 245 yards with a touchdown and two interceptions in Sunday's Week 2 loss to the Chargers.,${player_name} completed ${pass_completions} of ${pass_attempts} passes for ${pass_yards} yards with a touchdown and ${temp_var_0} interceptions in Sunday's week ${temp_var_1} loss to the ${opp}.
"Josh Allen completed 15-of-22 passes for 196 yards and one touchdown, adding 10 carries for 39 yards and two touchdowns on the ground in the Bills' Week 3 victory over the Vikings.","${player_name} completed ${pass_completions} of ${pass_attempts} passes for ${pass_yards} yards and ${pass_td} touchdown, adding ${rush_attempts} carries for ${rush_yards} yards and ${rush_td} touchdowns on the ground in the ${team}' week ${week} victory over the ${opp}."
"Josh Allen completed 16-of-33 passes for 151 yards, zero touchdowns and two interceptions in the Bills' 22-0, Week 4 loss to the Packers, also losing a fumble and taking seven sacks.","${player_name} completed ${pass_completions} of ${pass_attempts} passes for ${pass_yards} yards, zero touchdowns and ${pass_int} interceptions in the ${team}' 22 ${temp_var_0}, week ${week} loss to the ${opp}, also losing a fumble and taking 7 sacks."
"Josh Allen completed 10-of-19 passes for 82 yards and an interception in the Bills' Week 5 win over the Titans, 13-12.","${player_name} completed ${pass_completions} of ${temp_var_0} passes for ${pass_yards} yards and an interception in the ${team}' week ${week} win over the ${opp}, 13 12."
Josh Allen exited Week 6 against the Texans with a right elbow injury.,${player_name} exited week ${week} against the ${opp} with a right elbow injury.
Nathan Peterman was benched in the third quarter of Sunday's Week 1 game against Baltimore.,${player_name} was benched in the third quarter of Sunday's week ${temp_var_0} game against ${opp}.
"Playing in relief of Josh Allen, Nathan Peterman completed 6-of-12 passes for 61 yards, one touchdown, and two interceptions in the Bills' Week 6 loss to the Texans.","Playing in relief of Josh Allen, ${player_name} completed ${temp_var_0} of ${pass_attempts} passes for ${pass_yards} yards, ${temp_var_1} touchdown, and ${temp_var_2} interceptions in the Bills' week ${temp_var_3} loss to the ${opp}."
LeSean McCoy (ribs) is expected to play in Week 4 against the Packers.,${player_name} (ribs) is expected to play in week ${week} against the ${opp}.
LeSean McCoy (ribs) is active for Week 4 against the Packers.,${player_name} (ribs) is active for week ${week} against the ${opp}.
"LeSean McCoy rushed five times for 24 yards in the Bills' Week 4 loss to the Packers, adding three receptions for 13 additional yards.","${player_name} rushed ${rush_attempts} times for ${rush_yards} yards in the ${team}' week ${week} loss to the ${opp}, adding ${reception} receptions for ${rec_yards} additional yards."
LeSean McCoy rushed 24 times for 85 yards and caught 2-of-3 targets for 23 yards in the Bills' Week 5 win over the Titans.,${player_name} rushed ${rush_attempts} times for ${rush_yards} yards and caught ${reception} of 3 targets for ${rec_yards} yards in the ${team}' week ${week} win over the ${opp}.
NFL Network's Ian Rapoport reports the Bills are unlikely to trade LeSean McCoy.,NFL Network's Ian Rapoport reports the ${team} are unlikely to trade ${player_name}.
LeSean McCoy rushed 16 times for 73 yards and hauled in 3-of-5 targets for 21 yards in the Bills' Week 6 loss to the Texans.,${player_name} rushed ${rush_attempts} times for ${rush_yards} yards and hauled in ${reception} of 5 targets for ${rec_yards} yards in the ${team}' week ${week} loss to the ${opp}.
LeSean McCoy left Sunday's Week 7 game against the Colts and is being evaluated for a head injury.,${player_name} left Sunday's week ${week} game against the ${opp} and is being evaluated for a head injury.
LeSean McCoy (head) will not return to Sunday's Week 7 game against the Colts.,${player_name} (head) will not return to Sunday's week ${week} game against the ${opp}.
Chris Ivory rushed 20 times for 56 yards and hauled in 3-of-4 targets for 70 yards in the Bills’ Week 3 win over the Vikings.,${player_name} rushed ${rush_attempts} times for ${rush_yards} yards and hauled in ${temp_var_0} of 4 targets for ${rec_yards} yards in the ${team}' week ${temp_var_1} win over the ${opp}.
Chris Ivory rushed six times for 15 yards in the Bills' Week 4 loss to the Packers.,${player_name} rushed ${rush_attempts} times for ${rush_yards} yards in the ${team}' week ${week} loss to the ${opp}.
Chris Ivory rushed 14 times for 43 yards in the Bills' Week 5 win over the Titans.,${player_name} rushed ${rush_attempts} times for ${rush_yards} yards in the ${team}' week ${week} win over the ${opp}.
Chris Ivory rushed six times for five yards and caught his only target for four yards in the Bills' Week 6 loss to the Texans.,${player_name} rushed ${temp_var_0} times for ${rush_yards} yards and caught his only target for ${temp_var_1} yards in the ${team}' week ${temp_var_2} loss to the ${opp}.
Chris Ivory delivered 81 yards on 16 carries while adding three catches for 25 yards on six targets Sunday in Buffalo’s Week 7 loss to the Colts.,${player_name} delivered ${rush_yards} yards on ${rush_attempts} carries while adding ${reception} catches for ${rec_yards} yards on 6 targets Sunday in ${team}'s week ${week} loss to the ${opp}.
Kelvin Benjamin caught 1-of-7 targets for 10 yards in Week 1 against Baltimore.,${player_name} caught ${temp_var_0} of 7 targets for ${temp_var_1} yards in week ${temp_var_2} against ${opp}.
Kelvin Benjamin caught two passes for 19 yards and a touchdown in Week 2 against the Chargers.,${player_name} caught ${temp_var_0} passes for ${rec_yards} yards and a touchdown in week ${temp_var_1} against the ${opp}.
Kelvin Benjamin caught 3-of-5 targets for 29 yards in the Bills' Week 3 win over the Vikings.,${player_name} caught ${temp_var_0} of 5 targets for ${rec_yards} yards in the ${team}' week ${temp_var_1} win over the ${opp}.
Kelvin Benjamin caught 1-of-6 targets for 34 yards in the Bills' Week 4 loss to the Packers.,${player_name} caught ${reception} of 6 targets for ${temp_var_0} yards in the ${team}' week ${week} loss to the ${opp}.
Kelvin Benjamin caught 1-of-5 targets for 11 yards in the Bills' Week 5 win over the Titans.,${player_name} caught ${reception} of ${week} targets for ${temp_var_0} yards in the ${team}' week ${week} win over the ${opp}.
Kelvin Benjamin hauled in 2-of-6 targets for 43 yards in the Bills' Week 6 loss to the Texans.,${player_name} hauled in ${reception} of ${week} targets for ${rec_yards} yards in the ${team}' week ${week} loss to the ${opp}.
"According to ESPN's Dan Graziano, the Cowboys are ""monitoring"" Kelvin Benjamin ahead of next week's trade deadline.","According to ESPN's Dan Graziano, the Cowboys are ""monitoring"" ${player_name} ahead of next week's trade deadline."
Kelvin Benjamin secured four of his five targets for 71 yards Sunday in the Bills’ Week 7 loss to Indianapolis.,${player_name} secured ${reception} of his 5 targets for ${rec_yards} yards Sunday in the Bills' week ${week} loss to ${opp}.
Zay Jones caught 3-of-6 passes for 36 yards in Buffalo's Week 1 game against Baltimore.,${player_name} caught ${reception} of 6 passes for 36 yards in ${team}'s week ${week} game against ${opp}.
Zay Jones caught 2-of-3 passes for 63 yards in Buffalo's Week 2 loss to the Chargers.,${player_name} caught ${temp_var_0} of 3 passes for ${rec_yards} yards in ${team}'s week ${temp_var_1} loss to the ${opp}.
Zay Jones caught 4-of-7 targets for 38 yards in the Bills' Week 4 loss to the Packers.,${player_name} caught ${temp_var_0} of 7 targets for ${rec_yards} yards in the ${team}' week ${temp_var_1} loss to the ${opp}.
Zay Jones hauled in 3-of-8 targets for 35 yards and a touchdown in the Bills' Week 6 loss to the Texans.,${player_name} hauled in ${reception} of 8 targets for ${rec_yards} yards and a touchdown in the ${team}' week ${week} loss to the ${opp}.
Zay Jones snagged three catches for 27 yards on four targets Sunday in Buffalo’s Week 7 loss to the Colts.,${player_name} snagged ${reception} catches for ${rec_yards} yards on 4 targets Sunday in Buffalo's week ${week} loss to the ${opp}.
Charles Clay was held without a catch in Buffalo's season opener.,${player_name} was held without a catch in ${team}'s season opener.
Charles Clay caught 2-of-3 passes for 29 yards in Week 2 against the Chargers.,${player_name} caught ${temp_var_0} of 3 passes for ${rec_yards} yards in week ${temp_var_1} against the ${opp}.
Charles Clay caught 2-of-3 passes for 18 yards in the Bills' Week 3 win over the Vikings.,${player_name} caught ${reception} of ${week} passes for ${rec_yards} yards in the ${team}' week ${week} win over the ${opp}.
Charles Clay caught 4-of-6 targets for 40 yards in the Bills' Week 4 loss to the Packers.,${player_name} caught ${temp_var_0} of 6 targets for ${rec_yards} yards in the ${team}' week ${temp_var_1} loss to the ${opp}.
Charles Clay caught his lone target for a 12-yard gain in Week 5.,${player_name} caught his lone target for a ${temp_var_0} yard gain in week ${week}.
Charles Clay hauled in 4-of-5 targets for 20 yards in the Bills' Week 6 loss to the Texans.,${player_name} hauled in ${reception} of ${rec_avg} targets for ${rec_yards} yards in the ${team}' week ${week} loss to the ${opp}.
Charles Clay corralled three-of-five targets for 14 yards Sunday in the Bills’ Week 7 loss to Indianapolis.,${player_name} corralled ${reception} of 5 targets for ${rec_yards} yards Sunday in the Bills' week ${week} loss to ${opp}.
"Ryan Tannehill completed 11-of-20 passes for 100 yards, zero touchdowns and an interception in the Dolphins' Week 4 game against the Patriots.","${player_name} completed ${pass_completions} of ${pass_attempts} passes for ${pass_yards} yards, zero touchdowns and an interception in the ${team}' week ${week} game against the ${opp}."
Ryan Tannehill completed 20-of-35 passes for 185 yards with a touchdown and two interceptions in Miami's Week 5 loss to the Bengals.,${player_name} completed ${pass_completions} of ${pass_attempts} passes for ${pass_yards} yards with a touchdown and ${pass_int} interceptions in ${team}'s week ${week} loss to the ${opp}.
Brock Osweiler completed 28-of-44 passes for a career-high 380 yards with three touchdowns and two interceptions while adding eight yards on two carries Sunday in the Dolphins’ Week 6 win over the Bears.,${player_name} completed ${pass_completions} of ${pass_attempts} passes for a career-high ${pass_yards} yards with ${pass_td} touchdowns and ${temp_var_0} interceptions while adding ${rush_yards} yards on ${temp_var_1} carries Sunday in the ${team}' week ${week} win over the ${opp}.
"Brock Osweiler completed 22-of-31 passes for 239 yards and two touchdowns in the Dolphins' 32-21, Week 7 loss to the Lions.","${player_name} completed ${pass_completions} of ${pass_attempts} passes for ${pass_yards} yards and ${temp_var_0} touchdowns in the ${team}' 32 21, week ${week} loss to the ${opp}."
Kenyan Drake rushed 14 times for 48 yards and caught 3-of-4 targets for 18 yards in Miami's Week 1 win over Tennessee.,${player_name} rushed ${rush_attempts} times for ${rush_yards} yards and caught ${reception} of 4 targets for ${rec_yards} yards in ${team}'s week ${week} win over ${opp}.
Kenyan Drake rushed 11 times for 53 yards and a touchdown and caught 4-of-4 targets for 17 yards in the Dolphins' Week 2 win over the Jets.,${player_name} rushed ${rush_attempts} times for ${rush_yards} yards and a touchdown and caught ${reception} of ${reception} targets for ${rec_yards} yards in the ${team}' week ${week} win over the ${opp}.
"Kenyan Drake rushed five times for three yards in the Dolphins' Week 3 win over the Raiders, adding two catches for seven additional yards.","${player_name} rushed ${rush_attempts} times for ${temp_var_0} yards in the ${team}' week ${temp_var_1} win over the ${opp}, adding ${reception} catches for ${rec_yards} additional yards."
"Kenyan Drake rushed three times for three yards in the Dolphins' Week 4 loss to the Patriots, adding a 13-yard reception.","${player_name} rushed ${temp_var_0} times for ${temp_var_1} yards in the ${team}' week ${week} loss to the ${opp}, adding a ${temp_var_2} yard reception."
Kenyan Drake rushed six times for 46 yards and caught 7-of-11 targets for 69 yards and a touchdown in Miami's Week 5 loss to the Bengals.,${player_name} rushed ${rush_attempts} times for ${rush_yards} yards and caught ${reception} of 11 targets for ${rec_yards} yards and a touchdown in ${team}'s week ${week} loss to the ${opp}.
Kenyan Drake totaled 57 yards on 13 carries while adding four catches for 21 yards on six targets Sunday in Miami’s Week 6 win over the Bears.,${player_name} totaled ${rush_yards} yards on ${rush_attempts} carries while adding ${reception} catches for ${rec_yards} yards on ${week} targets Sunday in ${team}'s week ${week} win over the ${opp}.
"Kenyan Drake rushed six times for 72 yards and a touchdown in the Dolphins' Week 7 loss to the Lions, adding four receptions for 15 additional yards.","${player_name} rushed ${rush_attempts} times for ${rush_yards} yards and a touchdown in the ${team}' week ${week} loss to the ${opp}, adding ${reception} receptions for ${rec_yards} additional yards."
Frank Gore rushed nine times for 61 yards in the Dolphins' Week 1 win over the Titans.,${player_name} rushed ${rush_attempts} times for ${rush_yards} yards in the ${team}' week ${week} win over the ${opp}.
Frank Gore rushed nine times for 25 yards and caught his lone target for a gain of 19 in the Dolphins' Week 2 win over the Jets.,${player_name} rushed ${rush_attempts} times for ${rush_yards} yards and caught his lone target for a gain of ${temp_var_0} in the ${team}' week ${week} win over the ${opp}.
Frank Gore rushed six times for 12 yards in the Dolphins' Week 3 win over the Raiders.,${player_name} rushed ${rush_attempts} times for ${rush_yards} yards in the ${team}' week ${week} win over the ${opp}.
"Frank Gore rushed 11 times for 41 yards in the Dolphins' Week 4 loss to the Patriots, adding two receptions for 16 yards and a touchdown.","${player_name} rushed ${rush_attempts} times for ${rush_yards} yards in the ${team}' week ${week} loss to the ${opp}, adding ${reception} receptions for ${rec_yards} yards and a touchdown."
Frank Gore rushed 12 times for 63 yards in Week 5 against the Bengals.,${player_name} rushed ${rush_attempts} times for ${rush_yards} yards in week ${week} against the ${opp}.
Frank Gore registered 101 yards on 15 carries while turning his lone target into an 18-yard catch Sunday in the Dolphins’ Week 6 victory over the Bears.,${player_name} registered ${rush_yards} yards on ${rush_attempts} carries while turning his lone target into an ${temp_var_0} yard catch Sunday in the ${team}' week ${week} victory over the ${opp}.
"Frank Gore rushed 10 times for 29 yards in the Dolphins' Week 7 loss to the Lions, adding a four-yard reception.","${player_name} rushed ${rush_attempts} times for ${rush_yards} yards in the ${team}' week ${week} loss to the ${opp}, adding a ${temp_var_0} yard reception."
Kenny Stills logged four catches for 106 yards and two touchdowns on only five targets in the Dolphins' Week 1 win over the Titans.,${player_name} logged ${reception} catches for ${rec_yards} yards and ${rec_td} touchdowns on only 5 targets in the ${team}' week ${week} win over the ${opp}.
Kenny Stills caught 2-of-3 targets for 17 yards in the Dolphins' Week 2 win over the Jets.,${player_name} caught ${temp_var_0} of 3 targets for ${rec_yards} yards in the ${team}' week ${temp_var_1} win over the ${opp}.
Kenny Stills caught 3-of-5 targets for 61 yards and a touchdown in the Dolphins' Week 3 win over the Raiders.,${player_name} caught ${temp_var_0} of 5 targets for ${rec_yards} yards and a touchdown in the ${team}' week ${temp_var_1} win over the ${opp}.
Kenny Stills caught 3-of-6 targets for 40 yards in the Dolphins' Week 4 loss to the Patriots.,${player_name} caught ${reception} of 6 targets for ${rec_yards} yards in the ${team}' week ${week} loss to the ${opp}.
Kenny Stills caught 2-of-5 passes for 17 yards in the Dolphins' Week 5 loss to the Bengals.,${player_name} caught ${reception} of ${week} passes for ${rec_yards} yards in the ${team}' week ${week} loss to the ${opp}.
Kenny Stills managed just one catch for 35 yards on two targets Sunday in the Dolphins’ Week 6 win over Chicago.,${player_name} managed just ${reception} catch for ${temp_var_0} yards on 2 targets Sunday in the ${team}' week ${week} win over ${opp}.
Kenny Stills caught 1-of-3 targets for a five-yard touchdown in the Dolphins' Week 7 loss to the Lions.,${player_name} caught ${temp_var_0} of 3 targets for a ${temp_var_1} yard touchdown in the ${team}' week ${week} loss to the ${opp}.
Danny Amendola caught 4-of-6 targets for 26 yards in the Dolphins' Week 1 win over Tennessee.,${player_name} caught ${reception} of 6 targets for ${rec_yards} yards in the ${team}' week ${week} win over ${opp}.
"Danny Amendola exited Sunday's Week 2 game to be checked for a concussion, but returned.","${player_name} exited Sunday's week ${week} game to be checked for a concussion, but returned."
Danny Amendola caught 4-of-4 targets for 32 yards in the Dolphins' Week 2 win over the Jets.,${player_name} caught ${reception} of ${reception} targets for ${rec_yards} yards in the ${team}' week ${week} win over the ${opp}.
Danny Amendola caught 3-of-3 targets for 42 yards in the Dolphins' Week 3 win over the Raiders.,${player_name} caught ${temp_var_0} of ${temp_var_1} targets for ${rec_yards} yards in the ${team}' week ${temp_var_2} win over the ${opp}.
Danny Amendola caught 2-of-3 targets for 21 yards in the Dolphins' Week 4 loss to the Patriots.,${player_name} caught ${reception} of 3 targets for ${rec_yards} yards in the ${team}' week ${week} loss to the ${opp}.
Danny Amendola caught 3-of-4 passes for 30 yards in Week 5 against the Bengals.,${player_name} caught ${reception} of 4 passes for ${rec_yards} yards in week ${week} against the ${opp}.
Danny Amendola absorbed eight-of-11 targets for 59 yards Sunday in the Dolphins’ Week 6 win over Chicago.,${player_name} absorbed ${reception} of 11 targets for ${rec_yards} yards Sunday in the ${team}' week ${week} win over ${opp}.
Danny Amendola caught 6-of-7 targets for 84 yards and a touchdown in the Dolphins' Week 7 loss to the Lions.,${player_name} caught ${reception} of ${week} targets for ${rec_yards} yards and a touchdown in the ${team}' week ${week} loss to the ${opp}.
DeVante Parker couldn’t haul in his lone target Sunday in Miami’s Week 6 win over the Bears.,${player_name} couldn't haul in his lone target Sunday in ${team}'s week ${week} win over the ${opp}.
DeVante Parker caught 6-of-9 targets for 134 yards in the Dolphins' Week 8 loss to the Texans.,${player_name} caught ${reception} of 9 targets for ${rec_yards} yards in the Dolphins' week ${week} loss to the ${opp}.
Jakeem Grant caught 5-of-7 targets for 38 yards in the Dolphins' Week 1 win over the Titans.,${player_name} caught ${reception} of 7 targets for ${rec_yards} yards in the ${team}' week ${temp_var_0} win over the ${opp}.
Jakeem Grant caught 2-of-4 targets for 37 yards in the Dolphins' Week 2 win over the Jets.,${player_name} caught ${temp_var_0} of 4 targets for 37 yards in the ${team}' week ${temp_var_1} win over the ${opp}.
Jakeem Grant caught 2-of-3 targets for 70 yards and two touchdowns in the Dolphins' Week 3 win over the Raiders.,${player_name} caught ${temp_var_0} of ${week} targets for ${rec_yards} yards and ${temp_var_1} touchdowns in the ${team}' week ${week} win over the ${opp}.
Jakeem Grant caught 2-of-2 targets for 17 yards in the Dolphins' Week 4 loss to the Patriots.,${player_name} caught ${reception} of ${reception} targets for ${rec_yards} yards in the ${team}' week ${week} loss to the ${opp}.
Jakeem Grant was held without a catch in Week 5 against the Bengals.,${player_name} was held without a catch in week ${week} against the ${opp}.
Jakeem Grant brought in three-of-four targets for 32 yards Sunday in the Dolphins’ Week 6 win over the Bears.,${player_name} brought in ${reception} of 4 targets for ${rec_yards} yards Sunday in the ${team}' week ${week} win over the ${opp}.
Jakeem Grant caught 2-of-2 targets for 32 yards in the Dolphins' Week 7 loss to the Lions.,${player_name} caught ${reception} of ${reception} targets for ${rec_yards} yards in the ${team}' week ${week} loss to the ${opp}.
Albert Wilson caught 3-of-5 targets for 37 yards and a touchdown in the Dolphins' Week 2 win over the Jets.,${player_name} caught ${reception} of 5 targets for ${rec_yards} yards and a touchdown in the ${team}' week ${temp_var_0} win over the ${opp}.
"Albert Wilson caught 2-of-2 targets for 74 yards and a touchdown in the Dolphins' Week 3 win over the Raiders, adding a 52-yard touchdown pass.","${player_name} caught ${reception} of ${reception} targets for ${rec_yards} yards and a touchdown in the ${team}' week ${week} win over the ${opp}, adding a 52 yard touchdown pass."
"Albert Wilson caught 4-of-6 targets for 19 yards in the Dolphins' Week 4 loss to the Patriots, adding a two-yard rush.","${player_name} caught ${temp_var_0} of 6 targets for ${rec_yards} yards in the ${team}' week ${temp_var_1} loss to the ${opp}, adding a ${temp_var_2} yard rush."
Albert Wilson delivered six catches for 155 yards and two touchdowns on nine targets Sunday in Miami’s Week 6 victory over the Bears.,${player_name} delivered ${temp_var_0} catches for ${rec_yards} yards and ${rec_td} touchdowns on 9 targets Sunday in ${team}'s week ${temp_var_1} victory over the ${opp}.
Albert Wilson was forced from Sunday's game against the Lions with a right leg injury and is questionable to return.,${player_name} was forced from Sunday's game against the ${opp} with a right leg injury and is questionable to return.
Albert Wilson (leg) has been ruled out for the second half of the Dolphins' Week 7 game against the Lions.,${player_name} (leg) has been ruled out for the second half of the ${team}' week ${week} game against the ${opp}.
The Miami Herald confirms Albert Wilson is dealing with a hip injury.,The Miami Herald confirms ${player_name} is dealing with a hip injury.
Mike Gesicki caught 1-of-2 targets for 11 yards in the Dolphins' Week 1 win over the Titans.,${player_name} caught ${temp_var_0} of 2 targets for ${temp_var_1} yards in the ${team}' week ${temp_var_2} win over the ${opp}.
Mike Gesicki was not targeted in the Dolphins' Week 2 win over the Jets.,${player_name} was not targeted in the ${team}' week ${week} win over the ${opp}.
Mike Gesicki caught 1-of-2 targets for nine yards in the Dolphins' Week 4 loss to the Patriots.,${player_name} caught ${reception} of 2 targets for ${temp_var_0} yards in the ${team}' week ${week} loss to the ${opp}.
Mike Gesicki caught 3-of-5 passes for 23 yards in Week 5 against the Bengals.,${player_name} caught ${reception} of ${week} passes for 23 yards in week ${week} against the ${opp}.
Mike Gesicki corralled one-of-two targets for 11 yards Sunday in the Dolphins’ Week 6 win over Chicago.,${player_name} corralled ${reception} of 2 targets for ${temp_var_0} yards Sunday in the ${team}' week ${week} win over ${opp}.
Mike Gesicki caught 3-of-3 targets for 44 yards in the Dolphins' Week 7 loss to the Lions.,${player_name} caught ${reception} of ${reception} targets for ${rec_yards} yards in the ${team}' week ${week} loss to the ${opp}.
Dolphins TE Mike Gesicki (shoulder) is active for Week 8 against the Texans.,${team} ${player_position} ${player_name} (shoulder) is active for week ${week} against the ${opp}.
Nick O'Leary caught 2-of-3 targets for 23 yards in the Dolphins' Week 7 loss to the Lions.,${player_name} caught ${reception} of 3 targets for ${rec_yards} yards in the Dolphins' week ${week} loss to the ${opp}.
"According to NFL Network's Ian Rapoport, the Patriots have reached a compromise with Tom Brady's personal trainer Alex Guerrero.","According to NFL Network's Ian Rapoport, the ${team} have reached a compromise with Tom Brady's personal trainer Alex Guerrero."
"Tom Brady completed 26-of-39 passes for 277 yards, three touchdowns and an interception in the Patriots' 27-20, Week 1 win over the Texans.","${player_name} completed ${pass_completions} of ${pass_attempts} passes for ${pass_yards} yards, ${pass_td} touchdowns and an interception in the ${team}' 27 20, week ${temp_var_0} win over the ${opp}."
"Tom Brady completed 24-of-35 passes for 234 yards and two touchdowns in the Patriots' 31-20, Week 2 loss to the Jaguars.","${player_name} completed ${pass_completions} of ${pass_attempts} passes for ${pass_yards} yards and ${temp_var_0} touchdowns in the ${team}' 31 20, week ${temp_var_1} loss to the ${opp}."
Tom Brady completed 14-of-26 passes for 133 yards with a touchdown and an interception in the Patriots' Week 3 loss to the Lions.,${player_name} completed ${pass_completions} of ${pass_attempts} passes for ${pass_yards} yards with a touchdown and an interception in the ${team}' week ${week} loss to the ${opp}.
"Tom Brady completed 23-of-35 passes for 274 yards, three touchdowns and two interceptions in the Patriots' 38-7, Week 4 demolition of the Dolphins.","${player_name} completed ${pass_completions} of ${pass_attempts} passes for ${pass_yards} yards, ${pass_td} touchdowns and ${pass_int} interceptions in the ${team}' 38 7, week ${week} demolition of the ${opp}."
"Tom Brady completed 34-of-44 passes for 341 yards, three touchdowns and two interceptions in the Patriots' 38-24, Week 5 win over the Colts.","${player_name} completed ${pass_completions} of ${pass_attempts} passes for ${pass_yards} yards, ${temp_var_0} touchdowns and ${pass_int} interceptions in the ${team}' 38 24, week ${week} win over the ${opp}."
Tom Brady completed 24-of-35 passes for 340 yards and a touchdown in the Patriots' Week 6 win over the Chiefs.,${player_name} completed ${pass_completions} of ${pass_attempts} passes for ${pass_yards} yards and a touchdown in the ${team}' week ${week} win over the ${opp}.
"Tom Brady completed 25-of-36 passes for 277 yards, three touchdowns, and an interception in the Patriots' Week 7 win over the Bears.","${player_name} completed ${pass_completions} of ${pass_attempts} passes for ${pass_yards} yards, ${pass_td} touchdowns, and an interception in the Patriots' week ${week} win over the ${opp}."
"James White caught 4-of-9 targets for 38 yards and a touchdown in the Patriots' Week 1 win over the Texans, adding five rushes for 18 yards.","${player_name} caught ${reception} of 9 targets for ${rec_yards} yards and a touchdown in the ${team}' week ${temp_var_0} win over the ${opp}, adding ${rush_attempts} rushes for ${rush_yards} yards."
"James White caught 7-of-8 targets for 73 yards in the Patriots' Week 2 loss to the Jaguars, adding four rushes for 11 additional yards.","${player_name} caught ${reception} of 8 targets for ${rec_yards} yards in the ${team}' week ${week} loss to the ${opp}, adding ${rush_attempts} rushes for ${rush_yards} additional yards."
James White rushed four times for 37 yards and caught three passes for 14 yards and a touchdown in Week 3 against the Lions.,${player_name} rushed ${rush_attempts} times for ${rush_yards} yards and caught ${temp_var_0} passes for ${rec_yards} yards and a touchdown in week ${temp_var_1} against the ${opp}.
"James White caught 8-of-10 targets for 68 yards and a touchdown in the Patriots' Week 4 win over the Dolphins, adding eight carries for 44 yards and an additional score.","${player_name} caught ${temp_var_0} of 10 targets for ${rec_yards} yards and a touchdown in the ${team}' week ${week} win over the ${opp}, adding ${temp_var_1} carries for ${rush_yards} yards and an additional score."
James White rushed six times for 39 yards and caught 5-of-7 passes for 53 yards in Week 6 against the Chiefs.,${player_name} rushed ${temp_var_0} times for ${rush_yards} yards and caught ${reception} of 7 passes for ${rec_yards} yards in week ${temp_var_1} against the ${opp}.
James White rushed 11 times for 40 yards and hauled in 8-of-10 targets for 57 yards and two touchdowns in the Patriots' Week 7 win over the Bears.,${player_name} rushed ${rush_attempts} times for ${rush_yards} yards and hauled in ${reception} of 10 targets for ${rec_yards} yards and ${rec_td} touchdowns in the Patriots' week ${week} win over the ${opp}.
"Sony Michel (questionable, knee) is expected to play Week 6 against the Chiefs.","${player_name} (questionable, knee) is expected to play week ${week} against the ${opp}."
Sony Michel (knee) is active for Week 6 against the Chiefs.,${player_name} (knee) is active for week ${week} against the ${opp}.
Sony Michel rushed 24 times for 106 yards and two touchdowns in Week 6 against the Chiefs.,${player_name} rushed ${rush_attempts} times for ${rush_yards} yards and ${rush_td} touchdowns in week ${week} against the ${opp}.
"Sony Michel (questionable, knee) is expected to play against the Bears in Week 7.","${player_name} (questionable, knee) is expected to play against the ${opp} in week ${week}."
Sony Michel (knee) is active Week 7 against the Bears.,${player_name} (knee) is active week ${week} against the ${opp}.
Sony Michel exited Week 7 against the Bears with a left knee injury.,${player_name} exited week ${week} against the ${opp} with a left knee injury.
Josh Rosen completed 4-of-7 passes for 36 yards with an interception in Sunday's Week 3 loss to the Bears.,${player_name} completed ${pass_completions} of ${pass_attempts} passes for ${pass_yards} yards with an interception in Sunday's week ${week} loss to the ${opp}.
Josh Rosen completed 15-of-27 passes for 180 yards and one touchdown in Sunday's Week 4 loss to the Seahawks.,${player_name} completed ${pass_completions} of ${pass_attempts} passes for ${pass_yards} yards and ${pass_td} touchdown in Sunday's week ${week} loss to the ${opp}.
Josh Rosen completed 10-of-25 passes for 170 yards and a touchdown while losing three yards on his three carries Sunday in the Cardinals’ Week 5 win over the 49ers.,${player_name} completed ${pass_completions} of ${pass_attempts} passes for ${pass_yards} yards and a touchdown while losing ${rush_attempts} yards on his ${rush_attempts} carries Sunday in the ${team}' week ${week} win over the ${opp}.
Josh Rosen completed 21-of-31 passes for 240 yards with an interception in the Cardinals' Week 6 loss to the Vikings.,${player_name} completed ${pass_completions} of ${pass_attempts} passes for ${pass_yards} yards with an interception in the ${team}' week ${week} loss to the ${opp}.
"Josh Rosen completed 21-of-39 passes for 194 yards, one touchdown and three interceptions in the Cardinals' 45-10, Week 7 loss to the Broncos, also losing two fumbles.","${player_name} completed ${pass_completions} of ${pass_attempts} passes for ${pass_yards} yards, ${temp_var_0} touchdown and ${pass_int} interceptions in the ${team}' 45 10, week ${week} loss to the ${opp}, also losing ${fumb_lost} fumbles."
Sam Bradford completed 20-of-34 passes for 153 yards with an interception and a lost fumble while adding seven yards on two carries Sunday in the Cardinals’ Week 1 loss to the Redskins.,${player_name} completed ${pass_completions} of ${pass_attempts} passes for ${pass_yards} yards with an interception and a lost fumble while adding ${rush_yards} yards on ${rush_attempts} carries Sunday in the ${team}' week ${temp_var_0} loss to the ${opp}.
Sam Bradford completed 17-of-27 passes for 90 yards and an interception in the Cardinals' 34-0 loss to the Rams in Week 2.,${player_name} completed ${pass_completions} of ${pass_attempts} passes for ${pass_yards} yards and an interception in the ${team}' 34 ${temp_var_0} loss to the ${opp} in week ${week}.
"ESPN's Adam Schefter reports ""there are some around the league"" who believe the Cardinals are thinking of benching Sam Bradford.","ESPN's Adam Schefter reports ""there are some around the league"" who believe the ${team} are thinking of benching ${player_name}."
NFL Network's Ian Rapoport reports the Cardinals plan on sticking with Sam Bradford.,NFL Network's Ian Rapoport reports the ${team} plan on sticking with ${player_name}.
"Arizona has pulled Sam Bradford in favor of Josh Rosen with 4:31 left in the Sunday's Week 3 game versus the Bears, trailing 16-14.","${team} has pulled ${player_name} in favor of Josh Rosen with 4:31 left in the Sunday's week ${week} game versus the ${opp}, trailing 16 14."
Cardinals coach Steve Wilks wouldn't commit to Sam Bradford starting in Week 4.,${team} coach Steve Wilks wouldn't commit to ${player_name} starting in week 4.
"Rex Burkhead rushed 18 times for 64 yards in the Patriots' Week 1 win over the Texans, adding a five-yard reception.","${player_name} rushed ${rush_attempts} times for ${rush_yards} yards in the ${team}' week ${temp_var_0} win over the ${opp}, adding a ${temp_var_1} yard reception."
"ESPN's Adam Schefter reports Rex Burkhead (concussion) is expected to suit up against the Jaguars but ""needs to clear pre-game warmups without any setbacks.""","ESPN's Adam Schefter reports ${player_name} (concussion) is expected to suit up against the ${opp} but ""needs to clear pre-game warmups without any setbacks."""
Rex Burkhead (concussion) is active for Week 2 against the Jaguars.,${player_name} (concussion) is active for week ${week} against the ${opp}.
Rex Burkhead rushed six times for 22 yards in the Patriots' Week 2 loss to the Jaguars.,${player_name} rushed ${rush_attempts} times for ${rush_yards} yards in the ${team}' week ${week} loss to the ${opp}.
Rex Burkhead suffered a neck injury in Week 3 against the Lions.,${player_name} suffered a neck injury in week ${week} against the ${opp}.
Patriots RB Jeremy Hill was forced from Sunday's game against the Patriots with a knee injury and will not return.,${team} ${player_position} ${player_name} was forced from Sunday's game against the ${team} with a knee injury and will not return.
David Johnson accrued 37 yards and a touchdown on nine carries along with five catches for 30 yards on nine targets Sunday in the Cardinals’ Week 1 loss to Washington.,${player_name} accrued ${rush_yards} yards and a touchdown on ${rush_attempts} carries along with ${reception} catches for ${rec_yards} yards on ${rush_attempts} targets Sunday in the ${team}' week ${temp_var_0} loss to ${opp}.
David Johnson rushed 13 times for 48 yards and hauled in 1-of-2 targets for three yards in the Cardinals' Week 2 loss to the Rams.,${player_name} rushed ${rush_attempts} times for ${rush_yards} yards and hauled in ${reception} of ${week} targets for ${temp_var_0} yards in the ${team}' week ${week} loss to the ${opp}.
David Johnson rushed 12 times for 31 yards while catching 4-of-4 targets for 30 yards and a touchdown in Sunday's Week 3 loss to the Bears.,${player_name} rushed ${rush_attempts} times for ${rush_yards} yards while catching ${reception} of ${reception} targets for ${rec_yards} yards and a touchdown in Sunday's week ${week} loss to the ${opp}.
David Johnson rushed 21 times for 71 yards and a touchdown while catching 3-of-4 targets for 41 yards in Sunday's Week 4 loss to the Seahawks.,${player_name} rushed 21 times for ${rush_yards} yards and a touchdown while catching ${reception} of ${week} targets for ${rec_yards} yards in Sunday's week ${week} loss to the ${opp}.
David Johnson collected 55 yards and two touchdowns on 18 carries while snagging two catches for 16 yards on three targets Sunday in the Cardinals’ Week 5 victory over San Francisco.,${player_name} collected ${rush_yards} yards and ${temp_var_0} touchdowns on ${rush_attempts} carries while snagging ${temp_var_1} catches for ${rec_yards} yards on 3 targets Sunday in the ${team}' week ${week} victory over San Francisco.
David Johnson rushed 18 times for 55 yards and a touchdown in Week 6 against the Vikings.,${player_name} rushed ${rush_attempts} times for 55 yards and a touchdown in week ${week} against the ${opp}.
"David Johnson rushed 14 times for 39 yards in the Cardinals' Week 7 loss to the Broncos, adding three receptions for 31 additional yards.","${player_name} rushed ${rush_attempts} times for ${rush_yards} yards in the ${team}' week ${week} loss to the ${opp}, adding ${reception} receptions for ${rec_yards} additional yards."
Chase Edmonds rushed four times for 24 yards while also pulling in four catches for 24 yards on four targets Sunday in the Cardinals’ Week 1 loss to the Redskins.,${player_name} rushed ${temp_var_0} times for ${temp_var_1} yards while also pulling in ${temp_var_2} catches for ${temp_var_3} yards on ${temp_var_4} targets Sunday in the ${team}' week ${week} loss to the ${opp}.
Chase Edmonds (back) is active for Week 6 against the Vikings.,${player_name} (back) is active for week ${week} against the ${opp}.
Chase Edmonds had one carry for four yards in Week 6 against the Vikings.,${player_name} had ${rush_attempts} carry for ${temp_var_0} yards in week ${week} against the ${opp}.
Chris Hogan caught 1-of-5 targets for 11 yards in the Patriots' Week 1 win over the Texans.,${player_name} caught ${temp_var_0} of 5 targets for ${temp_var_1} yards in the ${team}' week ${temp_var_2} win over the ${opp}.
Chris Hogan caught 3-of-5 targets for 42 yards and two touchdowns in the Patriots' Week 2 loss to the Jaguars.,${player_name} caught ${reception} of 5 targets for ${rec_yards} yards and ${temp_var_0} touchdowns in the ${team}' week ${temp_var_1} loss to the ${opp}.
Chris Hogan caught 3-of-4 passes for 31 yards in Week 3 against the Lions.,${player_name} caught ${temp_var_0} of 4 passes for ${rec_yards} yards in week ${temp_var_1} against the ${opp}.
"Chris Hogan caught 1-of-1 targets for 25 yards in the Patriots' 38-7, Week 4 win over the Dolphins.","${player_name} caught ${reception} of ${reception} targets for ${temp_var_0} yards in the ${team}' 38 7, week ${week} win over the ${opp}."
"Chris Hogan (questionable, thigh) is expected to play Week 6 against the Chiefs.","${player_name} (questionable, thigh) is expected to play week ${week} against the ${opp}."
Chris Hogan caught four passes for 78 yards in Week 6 against the Chiefs.,${player_name} caught ${reception} passes for ${rec_yards} yards in week ${week} against the ${opp}.
Chris Hogan hauled in 6-of-7 targets for 63 yards in the Patriots' Week 7 win over the Bears.,${player_name} hauled in ${reception} of ${week} targets for ${rec_yards} yards in the Patriots' week ${week} win over the ${opp}.
"ESPN's Adam Schefter reports Larry Fitzgerald (questionable, hamstring/back) will play in Week 5 against the 49ers.","ESPN's Adam Schefter reports ${player_name} (questionable, hamstring/back) will play in week ${week} against the ${opp}."
"Larry Fitzgerald (back, hamstring) is active for Week 5 against the 49ers.","${player_name} (back, hamstring) is active for week ${week} against the ${opp}."
Larry Fitzgerald chipped in with two catches for 35 yards on three targets Sunday in Arizona’s Week 5 win over the 49ers.,${player_name} chipped in with ${reception} catches for ${rec_yards} yards on 3 targets Sunday in ${team}'s week ${week} win over the ${opp}.
Larry Fitzgerald caught 5-of-8 passes for 39 yards in Week 6 against the Vikings.,${player_name} caught ${reception} of 8 passes for ${rec_yards} yards in week ${week} against the ${opp}.
Christian Kirk hauled in 4-of-5 targets for 27 yards in the Cardinals' Week 2 loss to the Rams.,${player_name} hauled in ${reception} of 5 targets for ${rec_yards} yards in the ${team}' week ${week} loss to the ${opp}.
Christian Kirk caught 7-of-8 targets for 90 yards in Sunday's Week 3 loss to the Bears.,${player_name} caught ${reception} of 8 targets for ${rec_yards} yards in Sunday's week ${week} loss to the ${opp}.
Christian Kirk caught 4-of-5 passes for 28 yards in Sunday's Week 4 loss to the Seahawks.,${player_name} caught ${temp_var_0} of 5 passes for ${rec_yards} yards in Sunday's week ${temp_var_1} loss to the ${opp}.
Christian Kirk corralled three-of-four targets for 85 yards and a touchdown Sunday in the Cardinals’ Week 5 win over the Niners.,${player_name} corralled ${reception} of 4 targets for ${rec_yards} yards and a touchdown Sunday in the ${team}' week ${temp_var_0} win over the Niners.
Christian Kirk caught 6-of-7 passes for 77 yards in Week 6 against the Vikings.,${player_name} caught ${temp_var_0} of 7 passes for ${rec_yards} yards in week ${temp_var_1} against the ${opp}.
"Cordarrelle Patterson rushed three times for 13 yards in the Patriots' Week 1 win over the Texans, adding a six-yard reception.","${player_name} rushed ${rush_attempts} times for ${rush_yards} yards in the ${team}' week ${temp_var_0} win over the ${opp}, adding a ${temp_var_1} yard reception."
Cordarrelle Patterson recorded a 95-yard kick-return touchdown in the Patriots' Week 7 win over the Bears.,${player_name} recorded a 95 yard kick-return touchdown in the Patriots' week ${week} win over the ${opp}.
Julian Edelman caught 4-of-7 passes for 54 yards and a touchdown in Week 6 against the Chiefs.,${player_name} caught ${reception} of ${temp_var_0} passes for ${rec_yards} yards and a touchdown in week ${week} against the ${opp}.
"NFL Network's Ian Rapoport confirms Julian Edelman (questionable, heel) is expected to play against the Bears in Week 7.","NFL Network's Ian Rapoport confirms ${player_name} (questionable, heel) is expected to play against the ${opp} in week ${week}."
Julian Edelman (heel) is active Week 7 against the Bears.,${player_name} (heel) is active week ${week} against the ${opp}.
Julian Edelman hauled in 5-of-8 targets for 36 yards and a touchdown in the Patriots' Week 7 win over the Bears.,${player_name} hauled in ${reception} of 8 targets for ${rec_yards} yards and a touchdown in the Patriots' week ${week} win over the ${opp}.
"Josh Gordon (questionable, hamstring) is expected to play Week 6 against the Chiefs.","${player_name} (questionable, hamstring) is expected to play week ${week} against the ${opp}."
Josh Gordon caught 5-of-9 passes for 42 yards in the Patriots' Week 6 win over the Chiefs.,${player_name} caught ${reception} of 9 passes for ${rec_yards} yards in the ${team}' week ${week} win over the ${opp}.
"Josh Gordon (questionable, hamstring) is expected to play against the Bears in Week 7.","${player_name} (questionable, hamstring) is expected to play against the ${opp} in week ${week}."
Josh Gordon (hamstring) is active for Week 7 against the Bears.,${player_name} (hamstring) is active for week ${week} against the ${opp}.
Josh Gordon hauled in 4-of-7 targets for 100 yards in the Patriots' Week 7 win over the Bears.,${player_name} hauled in ${reception} of ${week} targets for ${rec_yards} yards in the ${team}' week ${week} win over the ${opp}.
"Rob Gronkowski (questionable, ankle) is expected to play Week 6 against the Chiefs.","${player_name} (questionable, ankle) is expected to play week ${week} against the ${opp}."
Ricky Seals-Jones chipped in with three catches for 19 yards on six targets Sunday in the Cardinals’ Week 1 loss to the Redskins.,${player_name} chipped in with ${reception} catches for ${rec_yards} yards on 6 targets Sunday in the ${team}' week ${week} loss to the ${opp}.
Ricky Seals-Jones hauled in 4-of-6 targets for 17 yards in the Cardinals' Week 2 loss to the Rams.,${player_name} hauled in ${reception} of 6 targets for ${rec_yards} yards in the ${team}' week ${week} loss to the ${opp}.
Ricky Seals-Jones caught 1-of-3 targets for 35 yards and a touchdown in Sunday's Week 3 loss to the Bears.,${player_name} caught ${temp_var_0} of ${week} targets for ${temp_var_1} yards and a touchdown in Sunday's week ${week} loss to the ${opp}.
Ricky Seals-Jones caught 2-of-4 targets for 52 yards in Sunday's Week 4 loss to the Seahawks.,${player_name} caught ${reception} of ${week} targets for ${rec_yards} yards in Sunday's week ${week} loss to the ${opp}.
Ricky Seals-Jones didn’t catch any of his six targets Sunday in the Cardinals’ Week 5 win over San Francisco.,${player_name} didn't catch any of his 6 targets Sunday in the ${team}' week ${week} win over San Francisco.
Ricky Seals-Jones caught 5-of-6 passes for 69 yards in Week 6 against the Vikings.,${player_name} caught ${reception} of ${week} passes for ${rec_yards} yards in week ${week} against the ${opp}.
"Case Keenum completed 25-of-39 passes for 329 yards, three touchdowns, and three interceptions in the Broncos' Week 1 win over the Seahawks.","${player_name} completed ${pass_completions} of ${pass_attempts} passes for ${pass_yards} yards, ${temp_var_0} touchdowns, and ${temp_var_1} interceptions in the ${team}' week ${week} win over the ${opp}."
Case Keenum completed 19-of-35 passes for 222 yards with an interception in Sunday's Week 2 win over the Raiders.,${player_name} completed ${pass_completions} of ${pass_attempts} passes for ${pass_yards} yards with an interception in Sunday's week ${week} win over the ${opp}.
"Case Keenum completed 22-of-34 passes for 192 yards, zero touchdowns, and an interception in the Broncos' Week 3 loss to the Ravens.","${player_name} completed ${pass_completions} of ${pass_attempts} passes for ${pass_yards} yards, zero touchdowns, and an interception in the ${team}' week ${week} loss to the ${opp}."
"Case Keenum completed 21-of-33 passes for 245 yards, no touchdowns, and one interception in the Broncos' 27-23, Week 4 loss to the Chiefs on Monday night.","${player_name} completed ${pass_completions} of ${pass_attempts} passes for ${pass_yards} yards, no touchdowns, and ${pass_int} interception in the ${team}' 27 23, week ${week} loss to the Chiefs on Monday night."
"Case Keenum completed 35-of-51 passes for 377 yards, two touchdowns, and an interception in the Broncos' Week 5 loss to the Jets.","${player_name} completed ${pass_completions} of ${pass_attempts} passes for ${pass_yards} yards, ${pass_td} touchdowns, and an interception in the ${team}' week ${week} loss to the ${opp}."
"Case Keenum completed 25-of-41 passes for 322 yards, two touchdowns and an interception in the Broncos' 23-20, Week 6 loss to the Rams.","${player_name} completed ${pass_completions} of ${pass_attempts} passes for ${pass_yards} yards, ${pass_td} touchdowns and an interception in the ${team}' 23 20, week ${temp_var_0} loss to the ${opp}."
Coach Vance Joseph remains committed to Case Keenum as the Broncos' starting quarterback.,Coach Vance Joseph remains committed to ${player_name} as the ${team}' starting quarterback.
"Case Keenum completed 14-of-21 passes for 161 yards, one touchdown and an interception in the Broncos' 45-10, Week 7 win over the Cardinals.","${player_name} completed ${pass_completions} of ${pass_attempts} passes for ${pass_yards} yards, ${temp_var_0} touchdown and an interception in the Broncos' 45 10, week ${week} win over the ${opp}."
"Mitchell Trubisky completed 23-of-35 passes for 171 yards in Sunday night's Week 1 loss to the Packers, adding seven carries for 32 yards and a rushing touchdown.","${player_name} completed ${pass_completions} of ${pass_attempts} passes for ${pass_yards} yards in Sunday night's week ${temp_var_0} loss to the ${opp}, adding ${rush_attempts} carries for ${rush_yards} yards and a rushing touchdown."
"Mitchell Trubisky completed 25-of-34 passes for 200 yards, two touchdowns, and two interceptions in the Bears' Week 2 win over the Seahawks.","${player_name} completed ${pass_completions} of ${pass_attempts} passes for ${pass_yards} yards, ${temp_var_0} touchdowns, and ${temp_var_1} interceptions in the ${team}' week ${temp_var_2} win over the ${opp}."
Mitchell Trubisky completed 24-of-35 passes for 220 yards with one interception in Sunday's Week 3 win over the Cardinals.,${player_name} completed ${pass_completions} of ${pass_attempts} passes for ${pass_yards} yards with ${temp_var_0} interception in Sunday's week ${week} win over the ${opp}.
Mitchell Trubisky completed 19-of-26 passes for 354 yards and six touchdowns in the Bears' Week 4 win over the Buccaneers.,${player_name} completed ${pass_completions} of ${pass_attempts} passes for ${pass_yards} yards and ${pass_td} touchdowns in the ${team}' week ${week} win over the ${opp}.
Mitchell Trubisky completed 22-of-31 passes for 316 yards with three touchdowns and one interception while adding 47 yards on eight carries Sunday in the Bears’ Week 6 loss to Miami.,${player_name} completed ${pass_completions} of ${pass_attempts} passes for ${pass_yards} yards with ${pass_td} touchdowns and ${pass_int} interception while adding ${rush_yards} yards on ${rush_attempts} carries Sunday in the ${team}' week ${week} loss to ${opp}.
"Mitchell Trubisky completed 26-of-50 attempts for 333 yards, two touchdowns, and two interceptions in the Bears' Week 7 loss to the Patriots, adding 81 yards and a touchdown on six carries.","${player_name} completed ${pass_completions} of ${pass_attempts} attempts for ${pass_yards} yards, ${temp_var_0} touchdowns, and ${temp_var_1} interceptions in the Bears' week ${week} loss to the ${opp}, adding ${rush_yards} yards and a touchdown on ${rush_attempts} carries."
"Making his NFL debut, Sam Darnold completed 16-of-21 passes for 198 yards, two touchdowns, and one interception in the Jets' 48-17, Week 1 win over the Lions.","Making his NFL debut, ${player_name} completed ${pass_completions} of ${pass_attempts} passes for ${pass_yards} yards, ${pass_td} touchdowns, and ${temp_var_0} interception in the ${team}' 48 17, week ${temp_var_1} win over the ${opp}."
"Sam Darnold completed 25-of-41 passes for 334 yards, one touchdown, and two interceptions in the Jets' Week 2 loss to the Dolphins.","${player_name} completed ${pass_completions} of ${pass_attempts} passes for ${pass_yards} yards, ${temp_var_0} touchdown, and ${temp_var_1} interceptions in the ${team}' week ${temp_var_2} loss to the ${opp}."
"Sam Darnold completed 15-of-31 passes for 169 yards, zero touchdowns and two interceptions in New York's 21-17, Week 3 loss to the Browns.","${player_name} completed ${pass_completions} of ${pass_attempts} passes for ${pass_yards} yards, zero touchdowns and ${pass_int} interceptions in New York's 21 17, week ${week} loss to the ${opp}."
Sam Darnold completed 17-of-34 passes for 167 yards and a touchdown in Week 4 against the Jaguars.,${player_name} completed ${pass_completions} of ${pass_attempts} passes for ${pass_yards} yards and a touchdown in week ${temp_var_0} against the ${opp}.
"Sam Darnold completed 10-of-22 passes for 198 yards, three touchdowns, and an interception in the Jets' Week 5 win over the Broncos.","${player_name} completed ${pass_completions} of ${pass_attempts} passes for ${pass_yards} yards, ${temp_var_0} touchdowns, and an interception in the ${team}' week ${temp_var_1} win over the ${opp}."
"Sam Darnold completed 24-of-30 passes for 280 yards, two touchdowns, and an interception in the Jets' Week 6 win over the Colts.","${player_name} completed ${pass_completions} of ${pass_attempts} passes for ${pass_yards} yards, ${pass_td} touchdowns, and an interception in the ${team}' week ${temp_var_0} win over the ${opp}."
"Sam Darnold completed just 17-of-42 passes for 206 yards, one touchdown, and three interceptions in the Jets' 37-17, Week 7 loss to the Vikings.","${player_name} completed just ${pass_completions} of ${pass_attempts} passes for ${pass_yards} yards, ${temp_var_0} touchdown, and ${temp_var_1} interceptions in the Jets' 37 ${pass_completions}, week ${week} loss to the ${opp}."
"Matt Ryan completed 23-of-28 passes for 272 yards, two touchdowns, and one interception in the Falcons' 31-24, Week 2 win over the Panthers, adding 18 yards and two additional touchdowns on four carries.","${player_name} completed ${pass_completions} of ${pass_attempts} passes for ${pass_yards} yards, ${temp_var_0} touchdowns, and ${pass_int} interception in the ${team}' 31 24, week ${temp_var_1} win over the ${opp}, adding ${rush_yards} yards and ${temp_var_2} additional touchdowns on ${rush_attempts} carries."
Matt Ryan completed 26-of-35 passes for five touchdowns while adding 12 rushing yards on four carries Sunday in Atlanta’s Week 3 loss to the Saints.,${player_name} completed ${pass_completions} of ${pass_attempts} passes for ${pass_td} touchdowns while adding ${rush_yards} rushing yards on ${rush_attempts} carries Sunday in ${team}'s week ${temp_var_0} loss to the ${opp}.
Matt Ryan completed 29-of-39 passes for 419 yards and three touchdowns in the Falcons' Week 4 loss to the Bengals.,${player_name} completed ${pass_completions} of ${pass_attempts} passes for ${pass_yards} yards and ${pass_td} touchdowns in the ${team}' week ${week} loss to the ${opp}.
"Matt Ryan completed 26-of-38 passes for 285 yards, one touchdown and zero interceptions in the Falcons' 41-17, Week 5 loss to the Steelers.","${player_name} completed ${pass_completions} of ${pass_attempts} passes for ${pass_yards} yards, ${temp_var_0} touchdown and zero interceptions in the ${team}' 41 17, week ${week} loss to the ${opp}."
Matt Ryan completed 31-of-41 passes for 354 yards and three touchdowns in the Falcons' Week 6 win over the Bucs.,${player_name} completed ${pass_completions} of ${pass_attempts} passes for 354 yards and ${pass_td} touchdowns in the ${team}' week ${week} win over the ${opp}.
Matt Ryan completed 31-of-39 passes for 379 yards and one touchdown in the Falcons' Week 7 win over the Giants.,${player_name} completed ${pass_completions} of ${pass_attempts} passes for ${pass_yards} yards and ${temp_var_0} touchdown in the Falcons' week ${week} win over the ${opp}.
Joe Flacco completed 25-of-34 passes for 236 yards and three touchdowns in Baltimore's Week 1 game against Buffalo.,${player_name} completed ${pass_completions} of ${pass_attempts} passes for ${pass_yards} yards and ${temp_var_0} touchdowns in ${team}'s week ${week} game against ${opp}.
"Joe Flacco completed 32-of-55 passes for 377 yards, two touchdowns and two interceptions in the Ravens' 34-23, Week 2 loss to the Bengals.","${player_name} completed ${pass_completions} of ${pass_attempts} passes for 377 yards, ${temp_var_0} touchdowns and ${temp_var_1} interceptions in the ${team}' 34 23, week ${temp_var_2} loss to the ${opp}."
Joe Flacco completed 25-of-40 passes for 277 yards and a touchdown in the Ravens' Week 3 win over the Broncos.,${player_name} completed ${pass_completions} of ${pass_attempts} passes for ${pass_yards} yards and a touchdown in the ${team}' week ${week} win over the ${opp}.
Joe Flacco completed 28-of-42 passes for 363 yards and two touchdowns in the Ravens' Week 4 win over the Steelers.,${player_name} completed ${pass_completions} of ${pass_attempts} passes for ${pass_yards} yards and ${temp_var_0} touchdowns in the ${team}' week ${week} win over the ${opp}.
Joe Flacco completed 29-of-56 passes for 298 yards with an interception in Sunday's Week 5 loss to the Browns.,${player_name} completed ${pass_completions} of ${pass_attempts} passes for ${pass_yards} yards with an interception in Sunday's week ${week} loss to the ${opp}.
"Joe Flacco completed 25-of-37 passes for 238 yards, one touchdown, and one pick in the Ravens' big Week 6 win over the Titans.","${player_name} completed ${pass_completions} of ${pass_attempts} passes for ${pass_yards} yards, ${temp_var_0} touchdown, and ${temp_var_1} pick in the ${team}' big week ${week} win over the ${opp}."
"Joe Flacco completed 23-of-39 passes for 279 yards and two touchdowns in the Ravens' 24-23, Week 7 loss to the Saints.","${player_name} completed ${pass_completions} of ${pass_attempts} passes for ${pass_yards} yards and ${pass_td} touchdowns in the Ravens' 24 ${pass_completions}, week ${week} loss to the ${opp}."
NFL Network's Ian Rapoport reports the Ravens have packages for Lamar Jackson in their Week 1 gameplan.,NFL Network's Ian Rapoport reports the Ravens have packages for ${player_name} in their week ${temp_var_0} gameplan.
"Alex Collins rushed nine times for 35 yards in the Ravens' Week 2 loss to the Bengals, adding three catches for 55 additional yards.","${player_name} rushed ${rush_attempts} times for ${rush_yards} yards in the ${team}' week ${week} loss to the ${opp}, adding ${reception} catches for ${rec_yards} additional yards."
Alex Collins rushed 18 times for 68 yards and a touchdown in the Ravens' Week 3 win over the Broncos.,${player_name} rushed ${rush_attempts} times for ${rush_yards} yards and a touchdown in the ${team}' week ${temp_var_0} win over the ${opp}.
Alex Collins rushed 11 times for 42 yards and caught a three-yard touchdown in Baltimore's Week 4 win over the Steelers.,${player_name} rushed ${rush_attempts} times for ${rush_yards} yards and caught a ${temp_var_0} yard touchdown in ${team}'s week ${week} win over the ${opp}.
Alex Collins rushed 12 times for 59 yards while catching 1-of-4 targets for seven yards in Sunday's Week 5 loss to the Browns.,${player_name} rushed ${rush_attempts} times for ${rush_yards} yards while catching ${reception} of 4 targets for ${temp_var_0} yards in Sunday's week ${week} loss to the ${opp}.
Alex Collins rushed 19 times for 54 yards and two scores in the Ravens' Week 6 trouncing of the Titans.,${player_name} rushed ${rush_attempts} times for ${rush_yards} yards and ${rush_td} scores in the ${team}' week ${week} trouncing of the ${opp}.
"Alex Collins rushed 11 times for 38 yards in the Ravens' Week 7 loss to the Saints, adding three receptions for 10 additional yards.","${player_name} rushed ${rush_attempts} times for ${rush_yards} yards in the Ravens' week ${week} loss to the ${opp}, adding ${reception} receptions for ${rec_yards} additional yards."
Phillip Lindsay rushed 15 times for 71 yards and hauled in 2-of-3 targets for 31 yards and a touchdown in the Broncos' Week 1 win over the Seahawks.,${player_name} rushed ${rush_attempts} times for ${rush_yards} yards and hauled in ${reception} of 3 targets for ${rec_yards} yards and a touchdown in the ${team}' week ${temp_var_0} win over the ${opp}.
Phillip Lindsay rushed 14 times for 107 yards with one reception for four yards in Sunday's win over the Raiders.,${player_name} rushed ${rush_attempts} times for ${rush_yards} yards with ${reception} reception for ${temp_var_0} yards in Sunday's win over the ${opp}.
Phillip Lindsay was ejected from Week 3 against the Ravens for throwing a punch.,${player_name} was ejected from week ${week} against the ${opp} for throwing a punch.
Phillip Lindsay rushed 12 times for 69 yards and one touchdown in the Broncos' Week 4 loss to the Chiefs.,${player_name} rushed ${rush_attempts} times for ${rush_yards} yards and ${rush_td} touchdown in the ${team}' week ${week} loss to the ${opp}.
Phillip Lindsay rushed 12 times for 61 yards and caught 3-of-4 targets for 20 yards in the Broncos' Week 5 loss to the Jets.,${player_name} rushed ${rush_attempts} times for ${rush_yards} yards and caught ${reception} of 4 targets for ${rec_yards} yards in the ${team}' week ${week} loss to the ${opp}.
"Phillip Lindsay caught 6-of-7 targets for 48 yards in the Broncos' Week 6 loss to the Rams, adding four carries for 18 additional yards.","${player_name} caught ${temp_var_0} of 7 targets for ${temp_var_1} yards in the ${team}' week ${temp_var_2} loss to the ${opp}, adding ${rush_attempts} carries for ${rush_yards} additional yards."
Phillip Lindsay rushed 14 times for 90 yards and a touchdown in the Broncos' Week 7 win over the Cardinals.,${player_name} rushed ${rush_attempts} times for ${rush_yards} yards and a touchdown in the Broncos' week ${week} win over the ${opp}.
Royce Freeman rushed eight times for 28 yards and a touchdown in Sunday's Week 2 win over the Raiders.,${player_name} rushed ${rush_attempts} times for ${rush_yards} yards and a touchdown in Sunday's week ${week} win over the ${opp}.
Royce Freeman rushed 13 times for 53 yards and a touchdown in the Broncos' Week 3 loss to the Ravens.,${player_name} rushed ${rush_attempts} times for ${rush_yards} yards and a touchdown in the ${team}' week ${week} loss to the ${opp}.
Royce Freeman rushed eight times for 67 yards and one touchdown in the Broncos' Week 4 loss to the Chiefs.,${player_name} rushed ${rush_attempts} times for ${rush_yards} yards and ${rush_td} touchdown in the ${team}' week ${week} loss to the ${opp}.
Royce Freeman rushed five times for 31 yards and caught 3-of-4 targets for 16 yards in Denver's Week 5 loss to the Jets.,${player_name} rushed ${temp_var_0} times for ${rush_yards} yards and caught ${reception} of 4 targets for ${rec_yards} yards in ${team}'s week ${temp_var_1} loss to the ${opp}.
Royce Freeman rushed nine times for 22 yards in the Broncos' Week 6 loss to the Rams.,${player_name} rushed ${rush_attempts} times for ${rush_yards} yards in the ${team}' week ${week} loss to the ${opp}.
Devontae Booker rushed twice for four yards and hauled in both his targets for 11 yards in the Broncos' Week 1 win over the Seahawks.,${player_name} rushed twice for ${rush_yards} yards and hauled in both his targets for ${rec_yards} yards in the ${team}' week ${week} win over the ${opp}.
Devontae Booker hauled in 5-of-7 targets for 34 yards and rushed five times for 10 yards in the Broncos' Week 3 loss to the Ravens.,${player_name} hauled in ${temp_var_0} of 7 targets for ${rec_yards} yards and rushed ${temp_var_1} times for ${rush_yards} yards in the ${team}' week ${week} loss to the ${opp}.
Devontae Booker caught 5-of-6 targets for 59 yards in the Broncos' Week 5 loss to the Jets.,${player_name} caught ${temp_var_0} of 6 targets for ${rec_yards} yards in the Broncos' week ${temp_var_1} loss to the ${opp}.
"Jared Goff completed 24-of-32 passes for 354 yards, a touchdown, and an interception in the Rams' Week 2 win over the Cardinals.","${player_name} completed ${pass_completions} of ${pass_attempts} passes for ${pass_yards} yards, a touchdown, and an interception in the Rams' week ${temp_var_0} win over the ${opp}."
"Jared Goff completed 29-of-36 passes for 354 yards, three touchdowns, and an interception in the Rams' Week 3 win over the Chargers.","${player_name} completed ${pass_completions} of ${pass_attempts} passes for ${pass_yards} yards, ${temp_var_0} touchdowns, and an interception in the Rams' week ${temp_var_1} win over the ${opp}."
"Jared Goff completed 23-of-32 passes for 321 yards, a touchdown, and two interceptions in the Rams' Week 5 win over the Seahawks.","${player_name} completed ${pass_completions} of ${pass_attempts} passes for ${pass_yards} yards, a touchdown, and ${pass_int} interceptions in the Rams' week ${temp_var_0} win over the ${opp}."
"Jared Goff completed 14-of-28 passes for 201 yards, zero touchdowns and an interception in the Rams' 23-20, Week 6 win over the Broncos.","${player_name} completed ${temp_var_0} of ${pass_attempts} passes for ${pass_yards} yards, zero touchdowns and an interception in the Rams' 23 20, week ${week} win over the ${opp}."
Jared Goff completed 18-of-24 passes for 202 yards and two touchdowns in the Rams' Week 7 win over the 49ers.,${player_name} completed ${pass_completions} of ${pass_attempts} passes for ${pass_yards} yards and ${pass_td} touchdowns in the Rams' week ${week} win over the ${opp}.
Todd Gurley rushed 19 times for 42 yards and three touchdowns and caught all three of his targets for 31 yards in the Rams' Week 2 win over the Cardinals.,${player_name} rushed ${rush_attempts} times for ${rush_yards} yards and ${temp_var_0} touchdowns and caught all ${temp_var_1} of his targets for ${rec_yards} yards in the Rams' week ${week} win over the ${opp}.
Todd Gurley rushed 23 times for 105 yards and one touchdown and caught five passes for 51 yards in the Rams' Week 3 win over the Chargers.,${player_name} rushed ${rush_attempts} times for ${rush_yards} yards and ${temp_var_0} touchdown and caught ${reception} passes for ${rec_yards} yards in the Rams' week ${week} win over the ${opp}.
Todd Gurley rushed 22 times for 77 yards and three touchdowns while catching 4-of-5 targets for 36 yards in the Rams' Week 5 win over the Seahawks.,${player_name} rushed ${rush_attempts} times for ${rush_yards} yards and ${rush_td} touchdowns while catching ${reception} of ${week} targets for ${rec_yards} yards in the Rams' week ${week} win over the ${opp}.
"Todd Gurley rushed 28 times for 208 yards and a pair of touchdowns in the Rams' Week 6 win over the Broncos, adding two receptions for 17 additional yards.","${player_name} rushed ${rush_attempts} times for ${rush_yards} yards and a pair of touchdowns in the Rams' week ${week} win over the ${opp}, adding ${temp_var_0} receptions for ${rec_yards} additional yards."
Todd Gurley rushed 15 times for 63 yards and two touchdowns and caught 4-of-5 targets for 23 yards and another score in the Rams' Week 7 win over the 49ers.,${player_name} rushed ${rush_attempts} times for ${rush_yards} yards and ${rush_td} touchdowns and caught ${reception} of 5 targets for ${rec_yards} yards and another score in the Rams' week ${week} win over the ${opp}.
Malcolm Brown rushed 12 times for 46 yards in the Rams' Week 2 win over the Cardinals.,${player_name} rushed ${rush_attempts} times for ${rush_yards} yards in the Rams' week ${week} win over the ${opp}.
Malcolm Brown rushed five times for 42 yards in the Rams' Week 3 win over the Chargers.,${player_name} rushed ${rush_attempts} times for ${rush_yards} yards in the Rams' week ${week} win over the ${opp}.
Dak Prescott completed 19-of-29 passes for 170 yards in the Cowboys' Week 1 loss to the Panthers.,${player_name} completed ${temp_var_0} of ${pass_attempts} passes for ${pass_yards} yards in the ${team}' week ${temp_var_1} loss to the ${opp}.
Dak Prescott completed 16-of-25 passes for 160 yards and a touchdown in Week 2 against the Giants.,${player_name} completed ${pass_completions} of ${pass_attempts} passes for ${pass_yards} yards and a touchdown in week ${week} against the ${opp}.
Dak Prescott completed 19-of-34 passes for 168 yards with a touchdown and two interceptions while adding 21 yards on two carries Sunday in the Cowboys’ Week 3 loss to Seattle.,${player_name} completed ${pass_completions} of ${pass_attempts} passes for ${pass_yards} yards with a touchdown and ${temp_var_0} interceptions while adding ${rush_yards} yards on ${temp_var_1} carries Sunday in the ${team}' week ${week} loss to ${opp}.
Dak Prescott completed 17-of-27 passes for 255 yards and two touchdowns while adding two yards on three carries Sunday in the Cowboys’ Week 4 victory over the Lions.,${player_name} completed ${pass_completions} of ${pass_attempts} passes for ${pass_yards} yards and ${temp_var_0} touchdowns while adding ${temp_var_1} yards on ${rush_attempts} carries Sunday in the ${team}' week ${week} victory over the ${opp}.
Dak Prescott completed 18-of-29 passes for 208 yards with a touchdown and two interceptions in the Cowboys' Week 5 loss to the Texans.,${player_name} completed ${pass_completions} of ${pass_attempts} passes for ${pass_yards} yards with a touchdown and ${pass_int} interceptions in the ${team}' week ${week} loss to the ${opp}.
Dak Prescott completed 17-of-27 passes for 183 yards and two touchdowns while adding 82 yards and another touchdown on 11 rushes Sunday in the Cowboys’ Week 6 victory over Jacksonville.,${player_name} completed ${pass_completions} of ${pass_attempts} passes for ${pass_yards} yards and ${pass_td} touchdowns while adding ${rush_yards} yards and another touchdown on ${rush_attempts} rushes Sunday in the ${team}' week ${week} victory over ${opp}.
"Dak Prescott completed 22-of-35 passes for 273 yards and one touchdown, chipping in another 33 yards and one score on the ground in the Cowboys' Week 7 loss to the Redskins.","${player_name} completed ${pass_completions} of ${pass_attempts} passes for ${pass_yards} yards and ${temp_var_0} touchdown, chipping in another ${rush_yards} yards and ${temp_var_1} score on the ground in the Cowboys' week ${week} loss to the ${opp}."
Jordan Howard had 15 carries for 82 yards and caught five passes for 25 yards in Week 1 against the Packers.,${player_name} had ${rush_attempts} carries for ${rush_yards} yards and caught ${temp_var_0} passes for ${rec_yards} yards in week ${week} against the ${opp}.
Jordan Howard rushed 14 times for 35 yards and caught 3-of-4 targets for 33 yards in the Bears' Week 2 win over the Seahawks.,${player_name} rushed ${rush_attempts} times for ${rush_yards} yards and caught ${reception} of 4 targets for ${rec_yards} yards in the ${team}' week ${week} win over the ${opp}.
Jordan Howard rushed 24 times for 61 yards and a touchdown while catching 2-of-2 targets for 20 yards in Sunday's Week 3 win over the Cardinals.,${player_name} rushed ${rush_attempts} times for ${rush_yards} yards and a touchdown while catching ${reception} of ${reception} targets for ${rec_yards} yards in Sunday's week ${week} win over the ${opp}.
Jordan Howard rushed 11 times for 25 yards in the Bears' Week 4 victory over the Bucs.,${player_name} rushed ${rush_attempts} times for ${rush_yards} yards in the ${team}' week ${week} victory over the ${opp}.
Jordan Howard logged 69 yards on 14 carries while failing to reel in his lone target Sunday in Chicago’s Week 6 loss to the Dolphins.,${player_name} logged ${rush_yards} yards on ${rush_attempts} carries while failing to reel in his lone target Sunday in ${team}'s week ${week} loss to the ${opp}.
Jordan Howard rushed 12 times for 39 yards and a touchdown in the Bears' Week 7 loss to the Patriots.,${player_name} rushed ${rush_attempts} times for ${rush_yards} yards and a touchdown in the Bears' week ${week} loss to the ${opp}.
Tarik Cohen rushed five times for 53 yards while catching all three of his targets for 15 yards in Sunday's Week 3 win over the Cardinals.,${player_name} rushed ${temp_var_0} times for ${rush_yards} yards while catching all ${temp_var_1} of his targets for ${rec_yards} yards in Sunday's week ${temp_var_2} win over the ${opp}.
Tarik Cohen rushed 13 times for 53 yards while corralling 7-of-8 targets for 121 yards and one touchdown in Sunday's Week 4 win over the Bucs.,${player_name} rushed ${rush_attempts} times for ${rush_yards} yards while corralling ${reception} of 8 targets for ${rec_yards} yards and ${rec_td} touchdown in Sunday's week ${week} win over the ${opp}.
Tarik Cohen contributed 31 yards and a touchdown on five carries while adding seven catches for 90 yards on nine targets Sunday in the Bears’ Week 6 loss to the Dolphins.,${player_name} contributed ${rush_yards} yards and a touchdown on ${temp_var_0} carries while adding ${reception} catches for ${rec_yards} yards on 9 targets Sunday in the ${team}' week ${week} loss to the ${opp}.
Tarik Cohen rushed six times for 14 yards and hauled in 8-of-12 targets for 69 yards and a touchdown in the Bears' Week 7 loss to the Patriots.,${player_name} rushed ${rush_attempts} times for ${rush_yards} yards and hauled in ${reception} of 12 targets for ${rec_yards} yards and a touchdown in the Bears' week ${week} loss to the ${opp}.
Isaiah Crowell is active for Week 6 against the Colts.,${player_name} is active for week ${temp_var_0} against the ${opp}.
Isaiah Crowell rushed 13 times for 40 yards and caught 2-of-2 targets for 12 yards in the Jets' Week 6 win over the Colts.,${player_name} rushed ${rush_attempts} times for ${rush_yards} yards and caught ${reception} of ${reception} targets for ${rec_yards} yards in the ${team}' week ${temp_var_0} win over the ${opp}.
Isaiah Crowell is active for Week 7 against the Vikings.,${player_name} is active for week ${week} against the ${opp}.
Isaiah Crowell rushed 11 times for 29 yards in the Jets' Week 7 loss to the Vikings.,${player_name} rushed ${rush_attempts} times for ${rush_yards} yards in the ${team}' week ${week} loss to the ${opp}.
Jets rookie RB Trenton Cannon rushed two times for four yards and caught 4-of-5 targets for 69 yards in the Week 7 loss to the Vikings.,Jets rookie ${player_position} ${player_name} rushed ${temp_var_0} times for ${temp_var_1} yards and caught ${temp_var_2} of 5 targets for ${rec_yards} yards in the week ${week} loss to the ${opp}.
Bilal Powell rushed 12 times for 60 yards and caught 1-of-2 targets for five yards in the Jets' Week 1 win over the Lions.,${player_name} rushed ${rush_attempts} times for ${rush_yards} yards and caught ${temp_var_0} of 2 targets for ${temp_var_1} yards in the ${team}' week ${temp_var_2} win over the ${opp}.
"Bilal Powell rushed five times for six yards, but caught 5-of-6 targets for 74 yards and a touchdown in the Jets' Week 2 loss to Miami.","${player_name} rushed ${temp_var_0} times for ${rush_yards} yards, but caught ${temp_var_1} of ${rush_yards} targets for ${rec_yards} yards and a touchdown in the ${team}' week ${week} loss to ${opp}."
Bilal Powell rushed 14 times for 73 yards in the Jets' Week 3 loss to the Browns.,${player_name} rushed ${rush_attempts} times for ${rush_yards} yards in the ${team}' week ${week} loss to the ${opp}.
Bilal Powell rushed eight times for 26 yards and caught 4-of-7 passes for 26 yards in Week 4 against the Jaguars.,${player_name} rushed ${rush_attempts} times for ${temp_var_0} yards and caught ${temp_var_1} of 7 passes for ${temp_var_2} yards in week ${temp_var_3} against the ${opp}.
Bilal Powell rushed 20 times for 99 yards in the Jets' Week 5 win over Denver.,${player_name} rushed ${rush_attempts} times for ${rush_yards} yards in the ${team}' week ${temp_var_0} win over ${opp}.
Bilal Powell rushed 16 times for 59 yards and missed his lone target in the Jets' Week 6 win over the Colts.,${player_name} rushed ${rush_attempts} times for ${rush_yards} yards and missed his lone target in the ${team}' week ${week} win over the ${opp}.
Bilal Powell exited Week 7 against the Vikings with a neck injury and will not return.,${player_name} exited week ${week} against the ${opp} with a neck injury and will not return.
"Tevin Coleman rushed 16 times for 107 yards in the Falcons' 31-24, Week 2 win over the Panthers.","${player_name} rushed ${rush_attempts} times for ${rush_yards} yards in the ${team}' 31 24, week ${week} win over the ${opp}."
Tevin Coleman netted just 33 yards on 15 carries while delivering two catches for 14 yards and a touchdown on three targets Sunday in the Falcons’ Week 3 loss to New Orleans.,${player_name} netted just ${rush_yards} yards on ${rush_attempts} carries while delivering ${reception} catches for ${rec_yards} yards and a touchdown on ${week} targets Sunday in the ${team}' week ${week} loss to ${opp}.
Tevin Coleman rushed 14 times for 51 yards and hauled in all three of his targets for 26 yards in the Falcons' Week 4 loss to the Bengals.,${player_name} rushed ${rush_attempts} times for ${rush_yards} yards and hauled in all ${reception} of his targets for ${rec_yards} yards in the ${team}' week ${week} loss to the ${opp}.
"Tevin Coleman rushed seven times for 15 yards in the Falcons' Week 5 loss to the Steelers, adding two receptions for 15 additional yards.","${player_name} rushed ${rush_attempts} times for ${temp_var_0} yards in the ${team}' week ${week} loss to the ${opp}, adding ${reception} receptions for ${temp_var_1} additional yards."
Tevin Coleman rushed 10 times for 35 yards and hauled in 1-of-2 targets for six yards and a touchdown in the Falcons' Week 6 win over the Bucs.,${player_name} rushed ${rush_attempts} times for ${rush_yards} yards and hauled in ${temp_var_0} of 2 targets for ${temp_var_1} yards and a touchdown in the ${team}' week ${temp_var_2} win over the ${opp}.
Tevin Coleman rushed 11 times for 50 yards and one touchdown in the Falcons' Week 7 win over the Giants.,${player_name} rushed ${rush_attempts} times for ${rush_yards} yards and ${rush_td} touchdown in the Falcons' week ${week} win over the ${opp}.
Falcons fourth-round RB Ito Smith rushed nine times for 46 yards in the Week 2 win over the Panthers.,${team} fourth-round ${player_position} ${player_name} rushed ${rush_attempts} times for ${rush_yards} yards in the week ${week} win over the ${opp}.
Ito Smith lost six yards on two carries while snaring three-of-four targets for 41 receiving yards Sunday in Atlanta’s Week 3 loss to the Saints.,${player_name} lost 6 yards on ${rush_attempts} carries while snaring ${temp_var_0} of 4 targets for ${rec_yards} receiving yards Sunday in ${team}'s week ${temp_var_1} loss to the ${opp}.
Ito Smith rushed seven times for 35 yards and a touchdown in the Falcons' Week 4 loss to the Bengals.,${player_name} rushed ${rush_attempts} times for ${rush_yards} yards and a touchdown in the ${team}' week ${week} loss to the ${opp}.
Ito Smith rushed three times for five yards and a touchdown in the Falcons' Week 5 loss to the Steelers.,${player_name} rushed ${rush_attempts} times for ${temp_var_0} yards and a touchdown in the ${team}' week ${temp_var_1} loss to the ${opp}.
Ito Smith rushed 11 times for 22 yards and a touchdown in the Falcons' Week 6 win over the Bucs.,${player_name} rushed ${rush_attempts} times for ${rush_yards} yards and a touchdown in the ${team}' week ${week} win over the ${opp}.
Ito Smith rushed seven times for 16 yards in the Falcons' Week 7 win over the Giants.,${player_name} rushed ${temp_var_0} times for ${rush_yards} yards in the Falcons' week ${temp_var_1} win over the ${opp}.
Javorius Allen rushed six times for seven yards and a touchdown and caught three passes for 19 yards and another score in the Ravens' Week 3 win over the Broncos.,${player_name} rushed ${rush_attempts} times for ${rush_yards} yards and a touchdown and caught ${temp_var_0} passes for ${rec_yards} yards and another score in the ${team}' week ${temp_var_1} win over the ${opp}.
Javorius Allen rushed 10 times for 30 yards and caught two passes for 17 yards in Week 4 against the Steelers.,${player_name} rushed ${rush_attempts} times for ${rush_yards} yards and caught ${reception} passes for ${rec_yards} yards in week ${week} against the ${opp}.
Javorius Allen rushed eight times for 34 yards while catching 6-of-8 targets for 44 yards in Sunday's Week 5 loss to the Browns.,${player_name} rushed ${rush_attempts} times for ${rush_yards} yards while catching ${reception} of ${rush_attempts} targets for ${rec_yards} yards in Sunday's week ${week} loss to the ${opp}.
Javorius Allen rushed just one time for one yard and caught all three of his targets for 18 yards in the Ravens' Week 6 mauling of the Titans.,${player_name} rushed just ${temp_var_0} time for ${temp_var_1} yard and caught all ${reception} of his targets for ${rec_yards} yards in the ${team}' week ${temp_var_2} mauling of the ${opp}.
"Javorius Allen rushed three times for three yards in the Ravens' Week 7 loss to the Saints, adding three receptions for 21 additional yards.","${player_name} rushed ${temp_var_0} times for ${temp_var_1} yards in the Ravens' week ${temp_var_2} loss to the ${opp}, adding ${temp_var_3} receptions for ${rec_yards} additional yards."
Emmanuel Sanders hauled in 10-of-11 targets for 135 yards and a touchdown in the Broncos' Week 1 win over the Seahawks.,${player_name} hauled in ${reception} of 11 targets for ${rec_yards} yards and a touchdown in the ${team}' week ${temp_var_0} win over the ${opp}.
Emmanuel Sanders caught 4-of-4 targets for 96 yards in Sunday's Week 2 win over the Raiders.,${player_name} caught ${reception} of ${reception} targets for ${rec_yards} yards in Sunday's week ${week} win over the ${opp}.
Emmanuel Sanders hauled in 5-of-8 targets for 38 yards and rushed once for a 35-yard touchdown in the Broncos' Week 3 loss to the Ravens.,${player_name} hauled in ${reception} of 8 targets for ${rec_yards} yards and rushed once for a ${temp_var_0} yard touchdown in the ${team}' week ${week} loss to the ${opp}.
Emmanuel Sanders caught 5-of-7 targets for 45 yards in the Broncos' Week 4 loss to the Chiefs.,${player_name} caught ${reception} of 7 targets for ${rec_yards} yards in the ${team}' week ${week} loss to the ${opp}.
Emmanuel Sanders caught 9-of-14 targets for 72 yards in the Broncos' Week 5 loss to the Jets.,${player_name} caught ${reception} of 14 targets for ${rec_yards} yards in the ${team}' week ${week} loss to the ${opp}.
Emmanuel Sanders caught 7-of-10 targets for 115 yards and a touchdown in the Broncos' Week 6 loss to the Rams.,${player_name} caught ${reception} of 10 targets for ${rec_yards} yards and a touchdown in the ${team}' week ${week} loss to the ${opp}.
"Emmanuel Sanders caught 6-of-7 targets for 102 yards and a touchdown in the Broncos' Week 7 win over the Cardinals, adding a 28-yard touchdown pass.","${player_name} caught ${reception} of ${week} targets for ${rec_yards} yards and a touchdown in the ${team}' week ${week} win over the ${opp}, adding a 28 yard touchdown pass."
Broncos PR DaeSean Hamilton was forced from Thursday's game against the Cardinals with a knee injury and will not return.,${team} PR ${player_name} was forced from Thursday's game against the ${opp} with a knee injury and will not return.
Demaryius Thomas hauled in 6-of-10 targets for 63 yards and a touchdown in the Broncos' Week 1 win over the Seahawks.,${player_name} hauled in ${reception} of 10 targets for ${rec_yards} yards and a touchdown in the ${team}' week ${temp_var_0} win over the ${opp}.
Demaryius Thomas caught 5-of-11 targets for 18 yards in Sunday's Week 2 win over the Raiders.,${player_name} caught ${reception} of 11 targets for ${rec_yards} yards in Sunday's week ${week} win over the ${opp}.
Demaryius Thomas hauled in all five of his targets for 63 yards in the Broncos' Week 3 loss to the Ravens.,${player_name} hauled in all ${reception} of his targets for ${rec_yards} yards in the ${team}' week ${week} loss to the ${opp}.
Demaryius Thomas caught 5-of-6 targets for 105 yards and a touchdown in the Broncos' Week 5 loss to the Jets.,${player_name} caught ${temp_var_0} of 6 targets for ${rec_yards} yards and a touchdown in the ${team}' week ${temp_var_1} loss to the ${opp}.
Demaryius Thomas caught 3-of-4 targets for 57 yards and a touchdown in the Broncos' Week 6 loss to the Rams.,${player_name} caught ${reception} of 4 targets for ${rec_yards} yards and a touchdown in the ${team}' week ${week} loss to the ${opp}.
Courtland Sutton hauled in 2-of-5 targets for 45 yards in the Broncos' Week 1 win over the Seahawks.,${player_name} hauled in ${reception} of 5 targets for ${rec_yards} yards in the ${team}' week ${week} win over the ${opp}.
Courtland Sutton caught 1-of-6 targets for nine yards in Sunday's Week 2 win over the Raiders.,${player_name} caught ${reception} of 6 targets for ${temp_var_0} yards in Sunday's week ${week} win over the ${opp}.
Courtland Sutton hauled in 2-of-3 targets for 37 yards in the Broncos' Week 3 loss to the Ravens.,${player_name} hauled in ${reception} of ${week} targets for ${rec_yards} yards in the ${team}' week ${week} loss to the ${opp}.
Courtland Sutton caught 2-of-6 targets for 18 yards and a touchdown in the Broncos' Week 5 loss to the Jets.,${player_name} caught ${reception} of 6 targets for ${rec_yards} yards and a touchdown in the ${team}' week ${week} loss to the ${opp}.
Courtland Sutton caught 3-of-4 targets for 58 yards in the Broncos' Week 6 loss to the Rams.,${player_name} caught ${reception} of 4 targets for ${rec_yards} yards in the ${team}' week ${week} loss to the ${opp}.
"Deshaun Watson completed 24-of-40 passes for 385 yards, two touchdowns, and an interception in the Texans' Week 3 loss to the Giants.","${player_name} completed ${pass_completions} of ${pass_attempts} passes for ${pass_yards} yards, ${pass_td} touchdowns, and an interception in the ${team}' week ${week} loss to the ${opp}."
"Deshaun Watson completed 29-of-42 passes for 375 yards, two touchdowns, and one interceptions in the Texans' Week 4 win over the Colts.","${player_name} completed ${pass_completions} of ${pass_attempts} passes for ${pass_yards} yards, ${pass_td} touchdowns, and ${temp_var_0} interceptions in the ${team}' week ${week} win over the ${opp}."
Deshaun Watson completed 33-of-44 passes for 375 yards with a touchdown and an interception in Houston's Week 5 win over Dallas.,${player_name} completed ${pass_completions} of ${pass_attempts} passes for ${pass_yards} yards with a touchdown and an interception in ${team}'s week ${week} win over ${opp}.
Deshaun Watson (chest) is active for Week 6 against the Bills.,${player_name} (chest) is active for week ${week} against the ${opp}.
"Deshaun Watson completed 15-of-25 passes for 177 yards, one touchdown, and two interceptions in the Texans' Week 6 win over the Bills.","${player_name} completed ${pass_completions} of ${pass_attempts} passes for ${pass_yards} yards, ${temp_var_0} touchdown, and ${temp_var_1} interceptions in the ${team}' week ${week} win over the ${opp}."
Deshaun Watson completed 12-of-24 passes for 139 yards and a touchdown and rushed seven times for 13 yards in the Texans’ Week 7 win over the Jaguars.,${player_name} completed ${pass_completions} of ${pass_attempts} passes for ${pass_yards} yards and a touchdown and rushed ${temp_var_0} times for ${rush_yards} yards in the ${team}' week ${temp_var_1} win over the ${opp}.
"Deshaun Watson completed 16-of-20 passes for 239 yards and five touchdowns in the Texans' 42-23, Week 8 win over the Dolphins.","${player_name} completed ${pass_completions} of ${pass_attempts} passes for ${pass_yards} yards and ${pass_td} touchdowns in the Texans' 42 23, week ${week} win over the ${opp}."
Brandin Cooks hauled in 7-of-9 targets for 159 yards in the Rams' Week 2 win over the Cardinals.,${player_name} hauled in ${reception} of 9 targets for ${rec_yards} yards in the Rams' week ${week} win over the ${opp}.
Brandin Cooks caught 7-of-8 targets for 90 yards in the Rams' Week 3 win over the Chargers.,${player_name} caught ${reception} of 8 targets for ${rec_yards} yards in the Rams' week ${week} win over the ${opp}.
Brandin Cooks exited Week 5 against the Seahawks after taking a big helmet-to-helmet hit at the end of the second quarter.,${player_name} exited week ${week} against the ${opp} after taking a big helmet-to-helmet hit at the end of the second quarter.
Brandin Cooks (concussion) is active for Week 6 against the Broncos.,${player_name} (concussion) is active for week ${week} against the ${opp}.
Brandin Cooks caught 2-of-6 targets for 53 yards in the Rams' Week 6 win over the Broncos.,${player_name} caught ${reception} of ${week} targets for ${rec_yards} yards in the Rams' week ${week} win over the ${opp}.
Brandin Cooks hauled in 4-of-5 targets for 64 yards and a touchdown in the Rams' Week 7 win over the 49ers.,${player_name} hauled in ${reception} of 5 targets for ${rec_yards} yards and a touchdown in the Rams' week ${temp_var_0} win over the ${opp}.
Josh Reynolds hauled in 2-of-3 targets for 39 yards and rushed once for 10 yards in the Rams' Week 5 win over the Seahawks.,${player_name} hauled in ${reception} of 3 targets for ${rec_yards} yards and rushed once for ${temp_var_0} yards in the Rams' week ${week} win over the ${opp}.
Josh Reynolds caught 1-of-2 targets for -2 yards in the Rams' Week 6 win over the Broncos.,${player_name} caught ${reception} of 2 targets for ${temp_var_0} yards in the Rams' week ${week} win over the ${opp}.
Josh Reynolds caught his only target for 19 yards in the Rams' Week 7 win over the 49ers.,${player_name} caught his only target for ${temp_var_0} yards in the Rams' week ${week} win over the ${opp}.
Ezekiel Elliott rushed for 69 yards and one score on 15 carries while adding three catches for 17 yards on four targets in the Cowboys’ Week 1 loss to the Panthers.,${player_name} rushed for ${rush_yards} yards and ${temp_var_0} score on ${rush_attempts} carries while adding ${reception} catches for ${rec_yards} yards on 4 targets in the ${team}' week ${temp_var_1} loss to the ${opp}.
Ezekiel Elliott rushed 17 times for 78 yards and a touchdown and caught 5-of-6 passes for nine yards in the Cowboys' Week 2 win over the Giants on Sunday night.,${player_name} rushed ${rush_attempts} times for ${rush_yards} yards and a touchdown and caught ${reception} of 6 passes for ${rec_yards} yards in the ${team}' week ${week} win over the ${opp} on Sunday night.
Ezekiel Elliott totaled 127 yards on 16 carries while securing three-of-eight targets for 11 yards Sunday in the Cowboys’ Week 3 loss to the Seahawks.,${player_name} totaled ${rush_yards} yards on ${rush_attempts} carries while securing ${temp_var_0} of 8 targets for ${rec_yards} yards Sunday in the ${team}' week ${temp_var_1} loss to the ${opp}.
Ezekiel Elliott exploded for 152 yards on 25 carries while also contributing four catches for a team-high 88 yards and a touchdown Sunday in Dallas’ Week 4 win over the Lions.,${player_name} exploded for ${rush_yards} yards on ${rush_attempts} carries while also contributing ${temp_var_0} catches for a team-high ${rec_yards} yards and a touchdown Sunday in ${team}' week ${temp_var_1} win over the ${opp}.
Ezekiel Elliott rumbled to 106 yards and a touchdown on 24 carries while gaining 11 yards on his lone catch Sunday in Dallas’ Week 6 win over the Jaguars.,${player_name} rumbled to ${rush_yards} yards and a touchdown on ${rush_attempts} carries while gaining ${temp_var_0} yards on his lone catch Sunday in ${team}' week ${week} win over the ${opp}.
"Ezekiel Elliott handled 15 carries for 34 yards, tacking on two catches for the nine yards in the Cowboys' Week 7 loss to the Redskins.","${player_name} handled ${rush_attempts} carries for 34 yards, tacking on ${reception} catches for the ${rec_yards} yards in the Cowboys' week ${week} loss to the ${opp}."
"Allen Robinson caught 10-of-14 targets for 83 yards in the Bears' 24-17, Week 2 win over the Seahawks.","${player_name} caught ${reception} of 14 targets for ${rec_yards} yards in the ${team}' 24 17, week ${week} win over the ${opp}."
Allen Robinson caught 3-of-7 targets for 50 yards in Sunday's Week 3 win over the Cardinals.,${player_name} caught ${temp_var_0} of 7 targets for ${rec_yards} yards in Sunday's week ${temp_var_1} win over the ${opp}.
Allen Robinson caught 2-of-4 targets for 23 yards and one touchdown in the Bears' Week 4 victory over the Buccaneers.,${player_name} caught ${reception} of ${week} targets for ${rec_yards} yards and ${rec_td} touchdown in the ${team}' week ${week} victory over the ${opp}.
Allen Robinson pulled in five catches for 64 yards and a touchdown on six targets Sunday in Chicago’s Week 6 loss to the Dolphins.,${player_name} pulled in ${reception} catches for ${rec_yards} yards and a touchdown on ${week} targets Sunday in ${team}'s week ${week} loss to the ${opp}.
Allen Robinson (groin) is expected to play against the Patriots in Week 7.,${player_name} (groin) is expected to play against the ${opp} in week ${week}.
Allen Robinson (groin) is active for Week 7 against the Patriots.,${player_name} (groin) is active for week ${week} against the ${opp}.
Allen Robinson hauled in 1-of-5 targets for four yards in the Bears' Week 7 loss to the Patriots.,${player_name} hauled in ${reception} of 5 targets for ${temp_var_0} yards in the ${team}' week ${week} loss to the ${opp}.
Kevin White hauled in both of his targets for 64 yards in the Bears' Week 7 loss to the Patriots.,${player_name} hauled in both of his targets for ${rec_yards} yards in the Bears' week ${week} loss to the ${opp}.
Taylor Gabriel brought in all seven of his targets for a career-high 104 yards and two touchdowns in the Bears' Week 4 win over the Bucs.,${player_name} brought in all ${reception} of his targets for a career-high ${rec_yards} yards and ${rec_td} touchdowns in the ${team}' week ${week} win over the ${opp}.
Taylor Gabriel snagged all five of his targets for 110 yards while adding a nine-yard rush Sunday in the Bears’ Week 6 loss to the Dolphins.,${player_name} snagged all ${reception} of his targets for ${rec_yards} yards while adding a ${temp_var_0} yard rush Sunday in the ${team}' week ${week} loss to the ${opp}.
Taylor Gabriel hauled in 3-of-4 targets for 26 yards in the Bears' Week 7 loss to the Patriots.,${player_name} hauled in ${reception} of 4 targets for ${rec_yards} yards in the Bears' week ${week} loss to the ${opp}.
Anthony Miller caught 4-of-5 targets for 35 yards in Sunday's Week 3 win over the Cardinals.,${player_name} caught ${reception} of 5 targets for ${rec_yards} yards in Sunday's week ${week} win over the ${opp}.
Anthony Miller (shoulder) is active for Week 6 against the Dolphins.,${player_name} (shoulder) is active for week ${week} against the ${opp}.
Anthony Miller secured one-of-four targets for 29 yards and a touchdown Sunday in the Bears’ Week 6 loss to Miami.,${player_name} secured ${temp_var_0} of 4 targets for ${temp_var_1} yards and a touchdown Sunday in the ${team}' week ${week} loss to ${opp}.
Anthony Miller hauled in 2-of-7 targets for 35 yards in the Bears' Week 7 loss to the Patriots.,${player_name} hauled in ${reception} of ${week} targets for ${rec_yards} yards in the Bears' week ${week} loss to the ${opp}.
Trey Burton caught 4-of-5 passes for 55 yards in Sunday's Week 3 win over the Cardinals.,${player_name} caught ${reception} of 5 passes for ${rec_yards} yards in Sunday's week ${week} win over the ${opp}.
Trey Burton hauled in 2-of-4 passes for 86 yards and one score in Sunday's Week 4 win over the Bucs.,${player_name} hauled in ${reception} of ${week} passes for ${rec_yards} yards and ${rec_td} score in Sunday's week ${week} win over the ${opp}.
Trey Burton handled all four of his targets for 23 yards and a touchdown Sunday in Chicago’s Week 6 loss to Miami.,${player_name} handled all ${reception} of his targets for ${rec_yards} yards and a touchdown Sunday in ${team}'s week ${week} loss to ${opp}.
Trey Burton hauled in 9-of-11 targets for 126 yards and a touchdown in the Bears' Week 7 loss to the Patriots.,${player_name} hauled in ${reception} of 11 targets for ${rec_yards} yards and a touchdown in the Bears' week ${week} loss to the ${opp}.
Robby Anderson caught his lone target for a 41-yard touchdown in the Jets' Week 1 win over the Lions.,${player_name} caught his lone target for a ${temp_var_0} yard touchdown in the ${team}' week ${temp_var_1} win over the ${opp}.
Robby Anderson caught 3-of-5 targets for 27 yards in the Jets' Week 2 loss to the Dolphins.,${player_name} caught ${reception} of 5 targets for ${rec_yards} yards in the ${team}' week ${week} loss to the ${opp}.
Robby Anderson caught 2-of-6 passes for 18 yards in Week 4 against Jacksonville.,${player_name} caught ${reception} of 6 passes for ${rec_yards} yards in week ${week} against ${opp}.
Robby Anderson caught 3-of-5 targets for 123 yards and two touchdowns in the Jets' Week 5 win over the Broncos.,${player_name} caught ${reception} of ${week} targets for ${rec_yards} yards and ${rec_td} touchdowns in the ${team}' week ${week} win over the ${opp}.
Robby Anderson caught 3-of-5 targets for 39 yards in the Jets' Week 6 win over the Colts.,${player_name} caught ${reception} of 5 targets for ${rec_yards} yards in the ${team}' week ${week} win over the ${opp}.
Robby Anderson caught 3-of-10 targets for 44 yards in the Jets' Week 7 loss to the Vikings.,${player_name} caught ${reception} of 10 targets for ${rec_yards} yards in the ${team}' week ${week} loss to the ${opp}.
Rishard Matthews was not targeted in the Titans' Week 1 loss to the Dolphins.,${player_name} was not targeted in the Titans' week ${week} loss to the ${opp}.
Rishard Matthews caught 2-of-4 targets for eight yards in the Titans' Week 2 win over the Texans.,${player_name} caught ${temp_var_0} of ${rec_avg} targets for ${rec_yards} yards in the Titans' week ${temp_var_1} win over the ${opp}.
Rishard Matthews caught 1-of-2 targets for three yards in Week 3.,${player_name} caught ${reception} of 2 targets for ${temp_var_0} yards in week ${temp_var_1}.
Jermaine Kearse is active for Week 2 against the Dolphins.,${player_name} is active for week ${week} against the ${opp}.
Jermaine Kearse netted -1 yard in the Jets' Week 2 loss to the Dolphins.,${player_name} netted ${temp_var_0} yard in the ${team}' week ${week} loss to the ${opp}.
Jermaine Kearse caught 2-of-5 passes for 23 yards in Week 4 against the Jagaurs.,${player_name} caught ${reception} of 5 passes for ${rec_yards} yards in week ${week} against the Jagaurs.
Jermaine Kearse caught 1-of-4 targets for 14 yards in the Jets' Week 5 win.,${player_name} caught ${reception} of 4 targets for ${temp_var_0} yards in the ${team}' week ${week} win.
Jermaine Kearse caught 9-of-10 targets for 94 yards in the Jets' Week 6 win over the Colts.,${player_name} caught ${reception} of 10 targets for ${rec_yards} yards in the ${team}' week ${week} win over the ${opp}.
"Jermaine Kearse failed to catch either of his two targets in the Jets' 37-17, Week 7 loss to the Vikings.","${player_name} failed to catch either of his 2 targets in the Jets' 37 17, week ${week} loss to the ${opp}."
Julio Jones contributed five catches for 96 yards on six targets Sunday in the Falcons’ Week 3 loss to New Orleans.,${player_name} contributed ${reception} catches for ${rec_yards} yards on 6 targets Sunday in the ${team}' week ${week} loss to ${opp}.
Julio Jones hauled in 9-of-12 targets for 173 yards in the Falcons' Week 4 loss to the Bengals.,${player_name} hauled in ${reception} of 12 targets for ${rec_yards} yards in the ${team}' week ${week} loss to the ${opp}.
Julio Jones caught 5-of-9 targets for 62 yards in the Falcons' Week 5 loss to the Steelers.,${player_name} caught ${temp_var_0} of 9 targets for ${rec_yards} yards in the ${team}' week ${temp_var_1} loss to the ${opp}.
Julio Jones hauled in 10-of-14 targets for 143 yards in the Falcons' Week 6 win over the Bucs.,${player_name} hauled in ${reception} of 14 targets for 143 yards in the ${team}' week ${week} win over the ${opp}.
"Julio Jones caught 9-of-12 targets for 104 yards in the Falcons' 23-20, Week 7 win over the Giants on Monday night.","${player_name} caught ${reception} of 12 targets for ${rec_yards} yards in the Falcons' 23 20, week ${week} win over the ${opp} on Monday night."
Calvin Ridley caught 4-of-5 targets for 64 yards and one touchdown in the Falcons' Week 2 win over the Panthers.,${player_name} caught ${reception} of 5 targets for ${rec_yards} yards and ${temp_var_0} touchdown in the ${team}' week ${week} win over the ${opp}.
Calvin Ridley corralled seven-of-eight targets for 146 yards and three touchdowns while gaining nine yards on his lone carry Sunday in the Falcons’ Week 3 loss to the Saints.,${player_name} corralled ${reception} of 8 targets for ${rec_yards} yards and ${temp_var_0} touchdowns while gaining ${temp_var_1} yards on his lone carry Sunday in the ${team}' week ${temp_var_2} loss to the ${opp}.
Calvin Ridley hauled in 4-of-6 targets for 54 yards and two touchdowns in the Falcons' Week 4 loss to the Bengals.,${player_name} hauled in ${temp_var_0} of 6 targets for ${rec_yards} yards and ${rec_td} touchdowns in the ${team}' week ${temp_var_1} loss to the ${opp}.
Calvin Ridley caught 4-of-5 targets for 38 yards in the Falcons' Week 5 loss to the Steelers.,${player_name} caught ${reception} of ${week} targets for ${rec_yards} yards in the ${team}' week ${week} loss to the ${opp}.
Calvin Ridley exited Week 6 against the Bucs with an ankle injury.,${player_name} exited week ${week} against the ${opp} with an ankle injury.
Calvin Ridley (ankle) has been ruled out for Week 6 against the Bucs.,${player_name} (ankle) has been ruled out for week ${week} against the ${opp}.
Calvin Ridley (ankle) and Mohamed Sanu (hip) are both active for Week 7 against the Giants on Monday night.,${player_name} (ankle) and Mohamed Sanu (hip) are both active for week ${week} against the ${opp} on Monday night.
Calvin Ridley caught 5-of-6 targets for 43 yards in the Falcons' Week 7 win over the Giants.,${player_name} caught ${reception} of 6 targets for ${rec_yards} yards in the Falcons' week ${week} win over the ${opp}.
Mohamed Sanu caught 4-of-7 targets for 73 yards and a touchdown in the Falcons' Week 5 loss to the Steelers.,${player_name} caught ${reception} of 7 targets for ${rec_yards} yards and a touchdown in the ${team}' week ${week} loss to the ${opp}.
Mohamed Sanu exited Week 6 against the Bucs with a hip injury.,${player_name} exited week ${week} against the ${opp} with a hip injury.
Mohamed Sanu caught both of his targets for 21 yards in the Falcons' Week 7 win over the Giants.,${player_name} caught both of his targets for ${rec_yards} yards in the Falcons' week ${week} win over the ${opp}.
Michael Crabtree caught 3-of-6 passes for 38 yards and a touchdown in Week 1 against Buffalo.,${player_name} caught ${reception} of 6 passes for ${rec_yards} yards and a touchdown in week ${temp_var_0} against ${opp}.
Michael Crabtree hauled in 7-of-10 targets for 61 yards in the Ravens' Week 3 win over the Broncos.,${player_name} hauled in ${reception} of 10 targets for ${rec_yards} yards in the ${team}' week ${week} win over the ${opp}.
Michael Crabtree caught 6-of-12 targets for 66 yards in Sunday's Week 5 loss to the Browns.,${player_name} caught ${reception} of 12 targets for ${rec_yards} yards in Sunday's week ${week} loss to the ${opp}.
Michael Crabtree caught 6-of-9 targets for 93 yards and one touchdown in the Ravens' Week 6 victory over the Titans.,${player_name} caught ${temp_var_0} of 9 targets for ${rec_yards} yards and ${rec_td} touchdown in the ${team}' week ${temp_var_1} victory over the ${opp}.
Michael Crabtree caught 5-of-9 targets for 66 yards in the Ravens' Week 7 loss to the Saints.,${player_name} caught ${reception} of 9 targets for ${rec_yards} yards in the Ravens' week ${week} loss to the ${opp}.
Willie Snead caught 4-of-6 targets for 49 yards and a touchdown in Baltimore's Week 1 win over Buffalo.,${player_name} caught ${reception} of 6 targets for ${rec_yards} yards and a touchdown in ${team}'s week ${temp_var_0} win over ${opp}.
Willie Snead hauled in 3-of-5 targets for 39 yards in the Ravens' Week 3 win over the Broncos.,${player_name} hauled in ${temp_var_0} of 5 targets for ${rec_yards} yards in the ${team}' week ${temp_var_1} win over the ${opp}.
Willie Snead caught 5-of-7 targets for 55 yards in Sunday's Week 5 loss to the Browns.,${player_name} caught ${temp_var_0} of 7 targets for ${rec_yards} yards in Sunday's week ${temp_var_1} loss to the ${opp}.
Willie Snead hauled in a team-high 7-of-10 targets for 60 yards in the Ravens' Week 6 victory over the Titans.,${player_name} hauled in a team-high ${reception} of 10 targets for ${rec_yards} yards in the ${team}' week ${week} victory over the ${opp}.
Willie Snead caught 3-of-7 targets for 23 yards in the Ravens' Week 7 loss to the Saints.,${player_name} caught ${reception} of ${week} targets for ${rec_yards} yards in the Ravens' week ${week} loss to the ${opp}.
John Brown caught 3-of-4 targets for 44 yards and a touchdown in Week 1 against Buffalo.,${player_name} caught ${reception} of 4 targets for ${rec_yards} yards and a touchdown in week ${temp_var_0} against ${opp}.
John Brown hauled in 5-of-9 targets for 86 yards in the Ravens' Week 3 win over the Broncos.,${player_name} hauled in ${reception} of 9 targets for ${rec_yards} yards in the ${team}' week ${week} win over the ${opp}.
John Brown caught 5-of-14 passes for 58 yards in Sunday's Week 5 loss to the Browns.,${player_name} caught ${week} of 14 passes for ${rec_yards} yards in Sunday's week ${week} loss to the ${opp}.
John Brown hauled in 2-of-3 targets for 28 yards in the Ravens' Week 6 win over the Titans.,${player_name} hauled in ${reception} of 3 targets for ${rec_yards} yards in the ${team}' week ${week} win over the ${opp}.
John Brown caught 7-of-7 targets for 134 yards and a touchdown in the Ravens' Week 7 loss to the Saints.,${player_name} caught ${temp_var_0} of ${temp_var_1} targets for ${rec_yards} yards and a touchdown in the Ravens' week ${temp_var_2} loss to the ${opp}.
Jeff Heuerman caught 2-of-4 targets for 18 yards in the Broncos' Week 5 loss.,${player_name} caught ${reception} of 4 targets for ${rec_yards} yards in the ${team}' week ${week} loss.
Jeff Heuerman caught 3-of-6 targets for 23 yards in the Broncos' Week 6 loss to the Rams.,${player_name} caught ${reception} of ${week} targets for ${rec_yards} yards in the ${team}' week ${week} loss to the ${opp}.
Lamar Miller rushed 15 times for 49 yards in the Texans' Week 4 win over the Colts.,${player_name} rushed 15 times for ${rush_yards} yards in the ${team}' week ${week} win over the ${opp}.
Lamar Miller rushed 15 times for 46 yards and caught 2-of-3 targets for 25 yards in the Texans' Week 6 win over the Bills.,${player_name} rushed ${rush_attempts} times for ${rush_yards} yards and caught ${reception} of 3 targets for ${rec_yards} yards in the ${team}' week ${week} win over the ${opp}.
Lamar Miller rushed 22 times for 100 yards and a touchdown and caught 1-of-3 targets for -1 yard in the Texans' Week 7 win over the Jaguars.,${player_name} rushed ${rush_attempts} times for ${rush_yards} yards and a touchdown and caught ${temp_var_0} of 3 targets for ${temp_var_1} yard in the ${team}' week ${week} win over the ${opp}.
Alfred Blue rushed seven times for 36 yards in the Texans' Week 2 loss to the Titans.,${player_name} rushed ${rush_attempts} times for ${rush_yards} yards in the ${team}' week ${week} loss to the ${opp}.
Alfred Blue rushed 12 times for 31 yards in the Texans' Week 4 win over the Colts.,${player_name} rushed 12 times for ${rush_yards} yards in the ${team}' week ${week} win over the ${opp}.
Alfred Blue rushed 20 times for 46 yards and caught eight passes for 73 yards in Week 5 against the Cowboys.,${player_name} rushed ${rush_attempts} times for ${rush_yards} yards and caught ${reception} passes for ${rec_yards} yards in week ${week} against the ${opp}.
Alfred Blue rushed seven times for 26 yards and caught 2-of-3 targets for 17 yards in the Texans' Week 6 win over the Bills.,${player_name} rushed ${rush_attempts} times for ${rush_yards} yards and caught ${reception} of 3 targets for ${rec_yards} yards in the Texans' week ${week} win over the ${opp}.
Robert Woods hauled in 6-of-9 targets for 81 yards in the Rams' Week 2 win over the Cardinals.,${player_name} hauled in ${reception} of 9 targets for ${rec_yards} yards in the Rams' week ${week} win over the ${opp}.
Robert Woods caught 10-of-11 targets for 104 yards and two touchdowns in the Rams' Week 3 win over the Chargers.,${player_name} caught ${reception} of 11 targets for ${rec_yards} yards and ${rec_td} touchdowns in the Rams' week ${temp_var_0} win over the ${opp}.
Robert Woods hauled in 5-of-7 targets for 92 yards and rushed twice for 53 yards in the Rams' Week 5 win over the Seahawks.,${player_name} hauled in ${temp_var_0} of 7 targets for ${rec_yards} yards and rushed twice for ${rush_yards} yards in the Rams' week ${temp_var_1} win over the ${opp}.
"Robert Woods caught 7-of-10 targets for 109 yards in the Rams' Week 6 win over the Broncos, adding a 12-yard rush.","${player_name} caught ${reception} of 10 targets for ${rec_yards} yards in the Rams' week ${week} win over the ${opp}, adding a ${temp_var_0} yard rush."
Robert Woods hauled in 5-of-7 targets for 78 yards in the Rams' Week 7 win over the 49ers.,${player_name} hauled in ${reception} of ${week} targets for ${rec_yards} yards in the Rams' week ${week} win over the ${opp}.
Cooper Kupp exited Week 5 against the Seahawks to be evaluated for a concussion.,${player_name} exited week ${week} against the ${opp} to be evaluated for a concussion.
Rams ruled out Cooper Kupp and Brandin Cooks for the rest of Week 5 against the Seahawks with concussions.,${team} ruled out ${player_name} and Brandin Cooks for the rest of week ${week} against the ${opp} with concussions.
Cooper Kupp was forced from Sunday's game against the Broncos with a left knee injury and will not return.,${player_name} was forced from Sunday's game against the ${opp} with a left knee injury and will not return.
Cooper Kupp (knee) returned for the second half of Sunday's game against the Broncos.,${player_name} (knee) returned for the second half of Sunday's game against the ${opp}.
Cooper Kupp was held without a catch on one target in the Rams' Week 6 win over the Broncos.,${player_name} was held without a catch on ${rush_attempts} target in the Rams' week ${week} win over the ${opp}.
Amari Cooper caught 10-of-10 targets for 116 yards in Sunday's Week 2 loss to the Broncos.,${player_name} caught ${reception} of ${reception} targets for ${rec_yards} yards in Sunday's week ${week} loss to the ${opp}.
Amari Cooper caught 2-of-5 targets for 17 yards in the Raiders' Week 3 loss to the Dolphins.,${player_name} caught ${reception} of 5 targets for ${rec_yards} yards in the Raiders' week ${week} loss to the ${opp}.
Amari Cooper caught 8-of-12 targets for 128 yards and a touchdown in the Raiders' Week 4 win over the Browns.,${player_name} caught ${reception} of 12 targets for ${rec_yards} yards and a touchdown in the Raiders' week ${week} win over the ${opp}.
Amari Cooper thankfully caught his only target for 10 yards in the Raiders' Week 5 loss to the Chargers.,${player_name} thankfully caught his only target for ${temp_var_0} yards in the Raiders' week ${week} loss to the ${opp}.
FOX Sports' Jay Glazer reports the Raiders are shopping Amari Cooper.,FOX Sports' Jay Glazer reports the Raiders are shopping ${player_name}.
Amari Cooper went to the locker room in the first half of Sunday's Week 6 game against the Seahawks with head/neck injury.,${player_name} went to the locker room in the first half of Sunday's week ${week} game against the ${opp} with head/neck injury.
Amari Cooper is done for the day in Week 6 with a concussion.,${player_name} is done for the day in week ${week} with a concussion.
Allen Hurns corralled two-of-four targets for 22 yards Sunday in Dallas’ Week 3 loss to the Seahawks.,${player_name} corralled ${reception} of 4 targets for ${rec_yards} yards Sunday in ${team}' week ${week} loss to the ${opp}.
Allen Hurns grabbed three-of-five targets for 30 yards Sunday in the Cowboys’ Week 4 win over the Lions.,${player_name} grabbed ${reception} of 5 targets for ${rec_yards} yards Sunday in the ${team}' week ${week} win over the ${opp}.
Allen Hurns was targeted five times but didn’t record a catch Sunday in the Cowboys’ Week 6 win over the Jaguars.,${player_name} was targeted 5 times but didn't record a catch Sunday in the ${team}' week ${week} win over the ${opp}.
Allen Hurns caught 5-of-6 targets for a season-high 74 yards in the Cowboys' Week 7 loss to the Redskins.,${player_name} caught ${reception} of 6 targets for a season-high ${rec_yards} yards in the Cowboys' week ${week} loss to the ${opp}.
Deonte Thompson nabbed both of his targets for 23 yards Sunday in the Cowboys’ Week 3 loss to Seattle.,${player_name} nabbed both of his targets for ${rec_yards} yards Sunday in the Cowboys' week ${week} loss to ${opp}.
Terrance Williams wasn’t targeted Sunday in the Cowboys’ Week 3 loss to the Seahawks.,${player_name} wasn't targeted Sunday in the ${team}' week ${week} loss to the ${opp}.
Michael Gallup caught 1-of-2 targets for five yards in Week 2 against the Giants.,${player_name} caught ${reception} of ${week} targets for ${temp_var_0} yards in week ${week} against the ${opp}.
Michael Gallup pulled in one-of-four targets for 17 yards Sunday in the Cowboys’ Week 3 loss to the Seahawks.,${player_name} pulled in ${reception} of 4 targets for ${temp_var_0} yards Sunday in the ${team}' week ${week} loss to the ${opp}.
Michael Gallup pulled in two catches for 45 yards on five targets Sunday in the Cowboys’ Week 4 win over the Lions.,${player_name} pulled in ${reception} catches for ${rec_yards} yards on 5 targets Sunday in the ${team}' week ${week} win over the ${opp}.
Michael Gallup chipped in with one catch for 27 yards on two targets Sunday in Dallas’ Week 6 win over the Jaguars.,${player_name} chipped in with ${reception} catch for ${temp_var_0} yards on 2 targets Sunday in ${team}' week ${week} win over the ${opp}.
Michael Gallup hauled in 3-of-5 targets for a team-high 81 yards and one score in Dallas' Week 7 loss to the Redskins.,${player_name} hauled in ${reception} of 5 targets for a team-high ${rec_yards} yards and ${rec_td} score in ${team}' week ${week} loss to the ${opp}.
Jets rookie TE Chris Herndon caught 2-of-2 targets for 56 yards in Sunday's Week 6 win over the Colts.,${team} rookie ${player_position} ${player_name} caught ${reception} of ${reception} targets for ${rec_yards} yards in Sunday's week ${week} win over the ${opp}.
Chris Herndon caught 4-of-7 targets for 42 yards and one touchdown in the Jets' Week 7 loss to the Vikings.,${player_name} caught ${reception} of ${week} targets for ${rec_yards} yards and ${rec_td} touchdown in the Jets' week ${week} loss to the ${opp}.
Austin Hooper caught all five of his targets for 59 yards and one touchdown in the Falcons' Week 2 win over the Panthers.,${player_name} caught all ${reception} of his targets for ${rec_yards} yards and ${rec_td} touchdown in the ${team}' week ${week} win over the ${opp}.
Austin Hooper turned in three catches for 23 yards on four targets Sunday in Atlanta’s Week 3 loss to the Saints.,${player_name} turned in ${temp_var_0} catches for ${rec_yards} yards on 4 targets Sunday in ${team}'s week ${temp_var_1} loss to the ${opp}.
Austin Hooper hauled in 1-of-2 targets for 19 yards in the Falcons' Week 4 loss to the Bengals.,${player_name} hauled in ${reception} of 2 targets for ${temp_var_0} yards in the ${team}' week ${week} loss to the ${opp}.
Austin Hooper caught 9-of-12 targets for 77 yards in the Falcons' Week 5 loss to the Steelers.,${player_name} caught ${reception} of 12 targets for ${rec_yards} yards in the ${team}' week ${week} loss to the ${opp}.
Austin Hooper hauled in 9-of-10 targets for 71 yards and a touchdown in the Falcons' Week 6 win over the Bucs.,${player_name} hauled in ${reception} of 10 targets for ${rec_yards} yards and a touchdown in the ${team}' week ${week} win over the ${opp}.
"Ravens TE Hayden Hurst (questionable, foot) is expected to play Week 5 against the Browns.","Ravens TE ${player_name} (questionable, foot) is expected to play week ${week} against the ${opp}."
Ravens TE Hayden Hurst (foot) is active for Sunday's Week 5 game versus the Browns.,Ravens TE ${player_name} (foot) is active for Sunday's week ${week} game versus the ${opp}.
Hayden Hurst caught 1-of-2 targets for seven yards in Sunday's Week 5 loss to the Browns.,${player_name} caught ${reception} of 2 targets for ${temp_var_0} yards in Sunday's week ${week} loss to the ${opp}.
Mark Andrews caught 2-of-3 targets for 59 yards in the Ravens' Week 3 win over the Broncos.,${player_name} caught ${reception} of ${week} targets for ${rec_yards} yards in the Ravens' week ${week} win over the ${opp}.
"DeAndre Hopkins caught 10-of-12 targets for 169 yards and one touchdown in the Texans' 37-34, Week 4 win over the Colts.","${player_name} caught ${reception} of 12 targets for ${rec_yards} yards and ${rec_td} touchdown in the ${team}' 37 34, week ${week} win over the ${opp}."
DeAndre Hopkins hauled in 5-of-6 targets for 63 yards and a touchdown in the Texans' Week 6 win over the Bills.,${player_name} hauled in ${reception} of ${week} targets for ${rec_yards} yards and a touchdown in the ${team}' week ${week} win over the ${opp}.
DeAndre Hopkins is active for Week 7 against the Jaguars.,${player_name} is active for week ${week} against the ${opp}.
DeAndre Hopkins caught 3-of-8 targets for 50 yards and a touchdown in the Texans’ Week 7 win over the Jaguars.,${player_name} caught ${reception} of 8 targets for ${rec_yards} yards and a touchdown in the ${team}' week ${week} win over the ${opp}.
DeAndre Hopkins caught 6-of-7 targets for 82 yards and two touchdowns in the Texans' Week 8 win over the Dolphins.,${player_name} caught ${reception} of 7 targets for ${rec_yards} yards and ${rec_td} touchdowns in the Texans' week ${week} win over the ${opp}.
Bruce Ellington caught 4-of-8 targets for 37 yards and a touchdown in the Texans' Week 1 loss to the Patriots.,${player_name} caught ${reception} of 8 targets for ${rec_yards} yards and a touchdown in the ${team}' week ${temp_var_0} loss to the ${opp}.
Bruce Ellington caught all three of his targets for 45 yards in the Texans' Week 2 loss to the Titans.,${player_name} caught all ${reception} of his targets for ${rec_yards} yards in the ${team}' week ${week} loss to the ${opp}.
Bruce Ellington left Week 3 against the Giants with a hamstring injury.,${player_name} left week ${week} against the ${opp} with a hamstring injury.
"NFL Network's Ian Rapoport confirms Will Fuller (questionable, hamstring) is expected to play Week 5 against the Cowboys.","NFL Network's Ian Rapoport confirms ${player_name} (questionable, hamstring) is expected to play week ${week} against the ${opp}."
Will Fuller (hamstring) is active for Week 5 against the Cowboys.,${player_name} (hamstring) is active for week ${week} against the ${opp}.
Will Fuller hauled in 2-of-3 targets for 33 yards in the Texans' Week 6 win over the Bills.,${player_name} hauled in ${reception} of 3 targets for ${rec_yards} yards in the ${team}' week ${week} win over the ${opp}.
Will Fuller caught 6-of-8 targets for 68 yards in the Texans’ Week 7 win over the Jaguars.,${player_name} caught ${reception} of 8 targets for ${rec_yards} yards in the ${team}' week ${week} win over the ${opp}.
Will Fuller was forced from Thursday's game against the Dolphins with a right knee injury and will not return.,${player_name} was forced from Thursday's game against the ${opp} with a right knee injury and will not return.
Tyler Higbee hauled in 1-of-2 targets for three yards and a touchdown in the Rams' Week 2 win over the Cardinals.,${player_name} hauled in ${temp_var_0} of ${week} targets for ${temp_var_1} yards and a touchdown in the Rams' week ${week} win over the ${opp}.
Tyler Higbee caught both of his targets for 35 yards in the Rams' Week 3 win over the Chargers.,${player_name} caught both of his targets for ${rec_yards} yards in the Rams' week ${week} win over the ${opp}.
Rams TE Tyler Higbee (knee) is active for Week 5 against the Seahawks.,Rams TE ${player_name} (knee) is active for week ${week} against the ${opp}.
Tyler Higbee hauled in 2-of-4 targets for 26 yards in the Rams' Week 5 win over the Seahawks.,${player_name} hauled in ${reception} of 4 targets for ${rec_yards} yards in the Rams' week ${week} win over the ${opp}.
Gerald Everett hauled in all three of his targets for 24 yards in the Rams' Week 5 win over the Seahawks.,${player_name} hauled in all ${reception} of his targets for ${rec_yards} yards in the Rams' week ${week} win over the ${opp}.
Tavon Austin caught two passes for 79 yards and a touchdown in Week 2 against the Giants.,${player_name} caught ${temp_var_0} passes for ${rec_yards} yards and a touchdown in week ${temp_var_1} against the ${opp}.
Tavon Austin delivered three catches for two yards and a touchdown while gaining 18 yards on his lone carry Sunday in the Cowboys’ Week 3 loss to the Seahawks.,${player_name} delivered ${temp_var_0} catches for ${rec_yards} yards and a touchdown while gaining ${temp_var_1} yards on his lone carry Sunday in the ${team}' week ${temp_var_2} loss to the ${opp}.
Tavon Austin left Sunday's Week 4 game against the Lions with a right shoulder injury and is questionable to return.,${player_name} left Sunday's week ${week} game against the ${opp} with a right shoulder injury and is questionable to return.
Tavon Austin failed to haul in his only target while adding a single carry for seven yards Sunday in Dallas’ Week 4 win over the Lions.,${player_name} failed to haul in his only target while adding a single carry for ${temp_var_0} yards Sunday in ${team}' week ${week} win over the ${opp}.
Tavon Austin corralled his only target for a five-yard gain while adding a pair of carries for 14 yards Sunday in the Cowboys’ Week 6 win over the Jags.,${player_name} corralled his only target for a ${temp_var_0} yard gain while adding a pair of carries for ${rush_yards} yards Sunday in the ${team}' week ${week} win over the ${opp}.
Cole Beasley caught 7-of-8 targets for 73 in the Cowboys' Week 1 loss to the Panthers.,${player_name} caught ${reception} of 8 targets for ${rec_yards} in the ${team}' week ${week} loss to the ${opp}.
Cole Beasley (ankle) will play in Week 3 against the Seahawks.,${player_name} (ankle) will play in week ${temp_var_0} against the ${opp}.
Cole Beasley reeled in three-of-five targets for 46 yards Sunday in the Cowboys’ Week 3 loss to the Seahawks.,${player_name} reeled in ${temp_var_0} of 5 targets for ${rec_yards} yards Sunday in the ${team}' week ${temp_var_1} loss to the ${opp}.
"Cole Beasley (questionable, ankle) is expected to play in Week 4 against the Lions.","${player_name} (questionable, ankle) is expected to play in week ${temp_var_0} against the ${opp}."
Cole Beasley brought in four catches for 55 yards on five targets Sunday in the Cowboys’ Week 4 win over Detroit.,${player_name} brought in ${temp_var_0} catches for 55 yards on 5 targets Sunday in the ${team}' week ${temp_var_1} win over ${opp}.
Cole Beasley racked up nine catches for 101 yards and two touchdowns on 11 targets Sunday in the Cowboys’ Week 6 victory over the Jaguars.,${player_name} racked up ${reception} catches for ${rec_yards} yards and ${rec_td} touchdowns on 11 targets Sunday in the ${team}' week ${temp_var_0} victory over the ${opp}.
Cole Beasley recorded seven receptions on a team-high eight targets for 56 yards in the Cowboys' Week 7 heart-breaking loss to the Redskins.,${player_name} recorded ${temp_var_0} receptions on a team-high ${rec_avg} targets for ${rec_yards} yards in the Cowboys' week ${temp_var_1} heart-breaking loss to the ${opp}.
Cowboys TE Rico Gathers is active for Week 2 against the Giants.,Cowboys TE ${player_name} is active for week ${week} against the ${opp}.
"Patrick Mahomes competed 15-of-27 passes for 256 yards and four touchdowns in the Chiefs' 38-28, Week 1 win over the Chargers, adding five rushes for 21 additional yards.","${player_name} competed ${pass_completions} of ${pass_attempts} passes for ${pass_yards} yards and ${pass_td} touchdowns in the ${team}' 38 28, week ${week} win over the ${opp}, adding ${rush_attempts} rushes for ${rush_yards} additional yards."
"Patrick Mahomes completed 23-of-28 passes for 326 yards and six touchdowns in the Chiefs' 42-37, Week 2 win over the Steelers.","${player_name} completed ${pass_completions} of ${pass_attempts} passes for ${pass_yards} yards and ${pass_td} touchdowns in the ${team}' 42 37, week ${week} win over the ${opp}."
Patrick Mahomes completed 24-of-38 passes for 314 yards and three touchdowns in the Chiefs' Week 3 win over the 49ers.,${player_name} completed ${pass_completions} of ${pass_attempts} passes for ${pass_yards} yards and ${temp_var_0} touchdowns in the Chiefs' week 3 win over the ${opp}.
"Patrick Mahomes completed 28-of-45 passes for 304 yards and one touchdown in the Chiefs' 27-23, Week 4 win over the Broncos on Monday night.","${player_name} completed ${pass_completions} of ${pass_attempts} passes for ${pass_yards} yards and ${temp_var_0} touchdown in the ${team}' 27 23, week ${week} win over the ${opp} on Monday night."
Patrick Mahomes completed 22-of-38 passes for 313 yards and two interceptions and rushed four times for 13 yards and a touchdown in the Chiefs' Week 5 win over the Jaguars.,${player_name} completed ${pass_completions} of ${pass_attempts} passes for ${pass_yards} yards and ${pass_int} interceptions and rushed ${rush_attempts} times for ${rush_yards} yards and a touchdown in the ${team}' week ${week} win over the ${opp}.
Patrick Mahomes completed 23-of-36 passes for 352 yards with four touchdowns and two interceptions in Kansas City's Week 6 loss to the Patriots.,${player_name} completed ${pass_completions} of ${pass_attempts} passes for ${pass_yards} yards with ${pass_td} touchdowns and ${temp_var_0} interceptions in Kansas City's week ${week} loss to the ${opp}.
"Patrick Mahomes completed 28-of-39 passes for 358 yards with four touchdowns and an interception in the Chiefs' Week 7 win over the Bengals, adding four rushes for 45 yards.","${player_name} completed ${pass_completions} of ${pass_attempts} passes for ${pass_yards} yards with ${temp_var_0} touchdowns and an interception in the Chiefs' week ${week} win over the ${opp}, adding ${temp_var_1} rushes for ${rush_yards} yards."
Kareem Hunt rushed 16 times for 49 yards in the Chiefs' Week 1 win over the Chargers.,${player_name} rushed ${rush_attempts} times for ${rush_yards} yards in the Chiefs' week 1 win over the ${opp}.
"Kareem Hunt rushed 18 times for 75 yards in the Chiefs' Week 2 win over the Steelers, adding a five-yard touchdown reception.","${player_name} rushed ${rush_attempts} times for ${rush_yards} yards in the Chiefs' week 2 win over the ${opp}, adding a ${temp_var_0} yard touchdown reception."
Kareem Hunt rushed 18 times for 44 yards and two touchdowns in the Chiefs' Week 3 win over the 49ers.,${player_name} rushed ${rush_attempts} times for ${rush_yards} yards and ${rush_td} touchdowns in the Chiefs' week 3 win over the ${opp}.
"Kareem Hunt rushed 19 times for 121 yards and one touchdown in the Chiefs' 27-23, Week 4 win over the Broncos on Monday night.","${player_name} rushed ${rush_attempts} times for ${rush_yards} yards and ${rush_td} touchdown in the ${team}' 27 23, week ${week} win over the ${opp} on Monday night."
Kareem Hunt rushed 22 times for 87 yards and a touchdown in the Chiefs' Week 5 win over the Jaguars.,${player_name} rushed ${rush_attempts} times for ${rush_yards} yards and a touchdown in the ${team}' week ${week} win over the ${opp}.
Kareem Hunt rushed 10 times for 80 yards and caught 5-of-6 passes for 105 yards and a touchdown in Week 6 against the Patriots.,${player_name} rushed ${rush_attempts} times for ${rush_yards} yards and caught ${reception} of ${week} passes for ${rec_yards} yards and a touchdown in week ${week} against the ${opp}.
Kareem Hunt had 15 carries for 86 yards and a touchdown and caught 5-of-6 passes for 55 yards and two touchdowns in Week 7 against the Bengals.,${player_name} had ${rush_attempts} carries for ${rush_yards} yards and a touchdown and caught ${reception} of 6 passes for ${rec_yards} yards and ${rec_td} touchdowns in week ${week} against the ${opp}.
"Keke Coutee (questionable, hamstring) will be a game-time decision Week 5 against the Cowboys.","${player_name} (questionable, hamstring) will be a game-time decision week ${week} against the ${opp}."
Keke Coutee hauled in 3-of-5 targets for 33 yards in the Texans' Week 6 win over the Bills.,${player_name} hauled in ${reception} of 5 targets for ${rec_yards} yards in the ${team}' week ${week} win over the ${opp}.
Keke Coutee left Sunday's Week 7 game after aggravating his hamstring injury.,${player_name} left Sunday's week ${week} game after aggravating his hamstring injury.
Keke Coutee (hamstring) doesn't expect to play in Week 8 against Miami.,${player_name} (hamstring) doesn't expect to play in week 8 against Miami.
Ryan Griffin caught his lone target for 12 yards in the Texans' Week 4 win over the Colts.,${player_name} caught his lone target for ${temp_var_0} yards in the ${team}' week ${week} win over the ${opp}.
Ryan Griffin did not catch any of his five targets Week 6 against the Bills.,${player_name} did not catch any of his 5 targets week ${week} against the ${opp}.
"Matthew Stafford completed 27-of-46 passes for 286 yards, one touchdown, and four interceptions in the Lions' Week 1 loss to the Jets on Monday night.","${player_name} completed ${pass_completions} of ${pass_attempts} passes for ${pass_yards} yards, ${temp_var_0} touchdown, and ${pass_int} interceptions in the ${team}' week ${temp_var_1} loss to the ${opp} on Monday night."
Matthew Stafford completed 34-of-53 passes for 347 yards and three touchdowns while adding one rush for eight yards Sunday in the Lions’ Week 2 loss to the 49ers.,${player_name} completed ${pass_completions} of ${pass_attempts} passes for ${pass_yards} yards and ${pass_td} touchdowns while adding ${temp_var_0} rush for ${temp_var_1} yards Sunday in the ${team}' week ${week} loss to the ${opp}.
"Matthew Stafford completed 27-of-36 passes for 262 yards, two touchdowns, and an interception in Detroit's Week 3 win over the Patriots.","${player_name} completed ${pass_completions} of ${pass_attempts} passes for ${pass_yards} yards, ${pass_td} touchdowns, and an interception in ${team}'s week ${week} win over the ${opp}."
Matthew Stafford completed 24-of-30 passes for 307 yards and two touchdowns while adding five yards on two carries Sunday in the Lions’ Week 4 loss to Dallas.,${player_name} completed ${pass_completions} of ${pass_attempts} passes for ${pass_yards} yards and ${temp_var_0} touchdowns while adding ${rush_yards} yards on ${temp_var_1} carries Sunday in the ${team}' week ${week} loss to ${opp}.
Matthew Stafford completed 14-of-26 passes for 183 yards and two touchdowns in the Lions' Week 5 win over the Packers.,${player_name} completed ${pass_completions} of ${pass_attempts} passes for ${pass_yards} yards and ${pass_td} touchdowns in the ${team}' week ${week} win over the ${opp}.
"Matthew Stafford completed 18-of-22 passes for 217 yards and two touchdowns in the Lions' 32-21, Week 7 win over the Dolphins.","${player_name} completed ${pass_completions} of ${pass_attempts} passes for ${pass_yards} yards and ${pass_td} touchdowns in the Lions' 32 21, week ${week} win over the ${opp}."
Kerryon Johnson rushed five times for 17 yards and caught all three of his targets for 20 yards in the Lions' Week 1 loss to the Jets.,${player_name} rushed ${rush_attempts} times for ${rush_yards} yards and caught all ${reception} of his targets for ${rec_yards} yards in the ${team}' week ${week} loss to the ${opp}.
Kerryon Johnson rolled to 43 yards on eight carries while adding five catches for 23 yards on six targets Sunday in the Lions’ Week 2 loss to San Francisco.,${player_name} rolled to ${rush_yards} yards on ${rush_attempts} carries while adding ${reception} catches for ${rec_yards} yards on 6 targets Sunday in the ${team}' week ${week} loss to San Francisco.
Kerryon Johnson had 16 carries for 101 yards in Detroit's Week 3 win over the Patriots.,${player_name} had ${rush_attempts} carries for ${rush_yards} yards in ${team}'s week ${week} win over the ${opp}.
Kerryon Johnson delivered 55 yards and a touchdown on nine carries while converting his lone target for a one-yard gain Sunday in Detroit’s Week 4 loss to the Lions.,${player_name} delivered ${rush_yards} yards and a touchdown on ${rush_attempts} carries while converting his lone target for a ${temp_var_0} yard gain Sunday in ${team}'s week ${week} loss to the ${team}.
Kerryon Johnson exited Week 5 against the Packers with an ankle injury.,${player_name} exited week ${week} against the ${opp} with an ankle injury.
"Kerryon Johnson (ankle) said after the Week 5 win over the Packers that he's ""fine.""","${player_name} (ankle) said after the week ${week} win over the ${opp} that he's ""fine."""
"Kerryon Johnson rushed 19 times for 158 yards in the Lions' Week 7 win over the Dolphins, adding two receptions for 21 additional yards.","${player_name} rushed ${rush_attempts} times for ${rush_yards} yards in the Lions' week 7 win over the ${opp}, adding ${reception} receptions for ${rec_yards} additional yards."
LeGarrette Blount rushed four times for -3 yards in the Lions' Week 1 loss to the Jets.,${player_name} rushed ${rush_attempts} times for ${rush_yards} yards in the ${team}' week ${week} loss to the ${opp}.
"LeGarrette Blount (questionable, shoulder) is expected to play Week 2 against the 49ers.","${player_name} (questionable, shoulder) is expected to play week ${week} against the ${opp}."
LeGarrette Blount was ejected from the Lions' Week 2 game for shoving 49ers LB Elijah Lee.,${player_name} was ejected from the ${team}' week ${week} game for shoving ${opp} LB Elijah Lee.
LeGarrette Blount rushed 16 times for 48 yards in Week 3 against the Patriots.,${player_name} rushed ${rush_attempts} times for ${rush_yards} yards in week ${temp_var_0} against the ${opp}.
LeGarrette Blount managed just seven yards on 12 carries Sunday in the Lions’ Week 4 loss to the Cowboys.,${player_name} managed just ${rush_attempts} yards on ${rush_yards} carries Sunday in the ${team}' week ${week} loss to the ${opp}.
LeGarrette Blount rushed 12 times for 22 yards and two touchdowns in the Lions' Week 5 win over the Packers.,${player_name} rushed ${rush_attempts} times for ${rush_yards} yards and ${rush_td} touchdowns in the ${team}' week ${week} win over the ${opp}.
LeGarrette Blount rushed 10 times for 50 yards and a touchdown in the Lions' Week 7 win over the Dolphins.,${player_name} rushed ${rush_attempts} times for ${rush_yards} yards and a touchdown in the Lions' week ${week} win over the ${opp}.
Theo Riddick rushed four times for 20 yards and caught 5-of-7 targets for 15 yards in the Lions' Week 1 loss to the Jets.,${player_name} rushed ${rush_attempts} times for ${rush_yards} yards and caught ${temp_var_0} of 7 targets for ${rec_yards} yards in the ${team}' week ${week} loss to the ${opp}.
Theo Riddick secured nine-of-12 targets for 47 yards Sunday in Detroit’s Week 2 loss to the 49ers.,${player_name} secured ${reception} of 12 targets for ${rec_yards} yards Sunday in ${team}'s week ${week} loss to the ${opp}.
Theo Riddick gained seven yards on his lone carry while nabbing four catches for 20 yards on five targets Sunday in the Lions’ Week 4 loss to Dallas.,${player_name} gained ${temp_var_0} yards on his lone carry while nabbing ${temp_var_1} catches for ${rec_yards} yards on ${rec_avg} targets Sunday in the ${team}' week ${temp_var_2} loss to ${opp}.
Theo Riddick rushed three times for three yards and caught 2-of-3 targets for 20 yards in the Lions' Week 5 win over the Packers.,${player_name} rushed ${temp_var_0} times for ${temp_var_1} yards and caught ${reception} of ${temp_var_2} targets for ${rec_yards} yards in the ${team}' week ${week} win over the ${opp}.
"Andy Dalton completed 21-of-28 passes for 243 yards, two touchdowns, and an interception in the Bengals' Week 1 win over the Colts.","${player_name} completed ${pass_completions} of ${pass_attempts} passes for ${pass_yards} yards, ${temp_var_0} touchdowns, and an interception in the Bengals' week 1 win over the ${opp}."
"Andy Dalton completed 24-of-42 passes for 265 yards and four touchdowns in the Bengals' 34-23, Week 2 win over the Ravens.","${player_name} completed ${pass_completions} of ${pass_attempts} passes for ${pass_yards} yards and ${pass_td} touchdowns in the ${team}' 34 23, week ${week} win over the ${opp}."
"Andy Dalton completed 29-of-46 passes for 352 yards, two touchdowns, and four interceptions in the Bengals' Week 3 loss to Carolina.","${player_name} completed ${pass_completions} of ${pass_attempts} passes for ${pass_yards} yards, ${pass_td} touchdowns, and ${pass_int} interceptions in the ${team}' week ${week} loss to ${opp}."
"Andy Dalton completed 29-of-41 passes for 337 yards, three touchdowns, and an interception in the Bengals' Week 4 win over the Falcons.","${player_name} completed ${pass_completions} of ${pass_attempts} passes for ${pass_yards} yards, ${pass_td} touchdowns, and an interception in the ${team}' week ${week} win over the ${opp}."
Andy Dalton completed 20-of-30 passes for 248 yards with a touchdown and an interception in the Bengals' Week 5 win over the Dolphins.,${player_name} completed ${pass_completions} of ${pass_attempts} passes for ${pass_yards} yards with a touchdown and an interception in the ${team}' week ${week} win over the ${opp}.
Andy Dalton completed 26-of-42 passes for 229 yards and two touchdowns in the Bengals' Week 6 loss to the Steelers.,${player_name} completed ${pass_completions} of ${pass_attempts} passes for ${pass_yards} yards and ${pass_td} touchdowns in the Bengals' week ${week} loss to the ${opp}.
Andy Dalton completed 15-of-29 passes for 148 yards with a touchdown and an interception in Week 7 against Kansas City.,${player_name} completed ${pass_completions} of ${pass_attempts} passes for ${pass_yards} yards with a touchdown and an interception in week ${week} against ${opp}.
ESPN's Dianna Russini reports Joe Mixon isn't expected to have an every-down role in Week 5 against the Dolphins.,ESPN's Dianna Russini reports ${player_name} isn't expected to have an every-down role in week ${week} against the ${opp}.
Joe Mixon (knee) is active for Week 5 against Miami.,${player_name} (knee) is active for week ${week} against ${opp}.
Joe Mixon rushed 22 times for 93 yards and caught 3-of-4 passes for 22 yards and a touchdown in the Bengals' Week 5 win over the Dolphins.,${player_name} rushed ${temp_var_0} times for ${rush_yards} yards and caught ${reception} of 4 passes for ${temp_var_1} yards and a touchdown in the ${team}' week ${week} win over the ${opp}.
Joe Mixon rushed 11 times for 64 yards and one touchdown in the Bengals' Week 6 loss to the Steelers.,${player_name} rushed ${rush_attempts} times for ${rush_yards} yards and ${rush_td} touchdown in the Bengals' week ${week} loss to the ${opp}.
Joe Mixon rushed 13 times for 50 yards in Week 7 against the Chiefs.,${player_name} rushed ${rush_attempts} times for ${rush_yards} yards in week ${week} against the ${opp}.
"Russell Wilson completed 19-of-33 passes for 298 yards, three touchdowns, and two interceptions in the Seahawks' Week 1 loss to the Broncos.","${player_name} completed ${pass_completions} of ${pass_attempts} passes for ${pass_yards} yards, ${pass_td} touchdowns, and ${temp_var_0} interceptions in the Seahawks' week 1 loss to the ${opp}."
"Russell Wilson completed 22-of-36 passes for 226 yards, two touchdowns, and one interception in the Seahawks' 24-17, Week 2 loss to the Bears on Monday night.","${player_name} completed ${pass_completions} of ${pass_attempts} passes for ${pass_yards} yards, ${temp_var_0} touchdowns, and ${temp_var_1} interception in the ${team}' 24 ${rush_yards}, week ${temp_var_2} loss to the ${opp} on Monday night."
Russell Wilson completed 16-of-26 passes for 192 yards and a pair of touchdowns while losing a yard on two carries Sunday in the Seahawks’ Week 3 win over the Cowboys.,${player_name} completed ${pass_completions} of ${pass_attempts} passes for ${pass_yards} yards and a pair of touchdowns while losing a yard on ${temp_var_0} carries Sunday in the Seahawks' week 3 win over the ${opp}.
Russell Wilson completed 19-of-26 passes for 172 yards with no touchdowns or interceptions in Sundays Week 4 win over the Cardinals.,${player_name} completed ${pass_completions} of ${pass_attempts} passes for ${pass_yards} yards with no touchdowns or interceptions in Sundays week ${temp_var_0} win over the ${opp}.
Russell Wilson completed 13-of-21 passes for 198 yards and three touchdowns in the Seahawks' Week 5 loss to the Rams.,${player_name} completed ${pass_completions} of ${pass_attempts} passes for ${pass_yards} yards and ${pass_td} touchdowns in the Seahawks' week ${week} loss to the ${opp}.
"Russell Wilson completed 17-of-23 passes for 222 yards, three touchdowns, and one interception in the Seahawks' Week 6 drubbing of the Raiders.","${player_name} completed ${pass_completions} of ${pass_attempts} passes for ${pass_yards} yards, ${pass_td} touchdowns, and ${pass_int} interception in the Seahawks' week ${temp_var_0} drubbing of the ${opp}."
Chris Carson tallied 102 yards and a touchdown on 32 carries while also earning two catches for 22 yards on two targets Sunday in the Seahawks’ Week 3 win over Dallas.,${player_name} tallied ${rush_yards} yards and a touchdown on ${rush_attempts} carries while also earning ${reception} catches for ${rec_yards} yards on ${reception} targets Sunday in the Seahawks' week 3 win over ${opp}.
Chris Carson rushed 19 times for 116 yards and caught his only target for 11 yards in the Seahawks' Week 5 loss to the Rams.,${player_name} rushed ${rush_attempts} times for ${rush_yards} yards and caught his only target for ${temp_var_0} yards in the Seahawks' week ${week} loss to the ${opp}.
Chris Carson rushed 14 times for 59 yards in Seattle's Week 6 victory.,${player_name} rushed ${rush_attempts} times for ${rush_yards} yards in Seattle's week ${week} victory.
Mike Davis rushed 21 times for 101 yards and two touchdowns while catching four passes for 23 yards in Sunday's Week 4 win over the Cardinals.,${player_name} rushed ${rush_attempts} times for ${rush_yards} yards and ${rush_td} touchdowns while catching ${temp_var_0} passes for ${rec_yards} yards in Sunday's week ${temp_var_1} win over the ${opp}.
Mike Davis rushed 12 times for 68 yards and a touchdown in the Seahawks' Week 5 loss to the Rams.,${player_name} rushed ${rush_attempts} times for ${rush_yards} yards and a touchdown in the Seahawks' week ${week} loss to the ${opp}.
Mike Davis rushed six times for 21 yards and caught 1-of-3 targets for five yards in Seattle's Week 6 London win over Oakland.,${player_name} rushed ${temp_var_0} times for ${rush_yards} yards and caught ${reception} of 3 targets for ${temp_var_1} yards in Seattle's week ${temp_var_2} London win over ${opp}.
Rashaad Penny rushed seven times for eight yards and hauled in 4-of-5 targets for 35 yards in the Seahawks' Week 1 loss to the Broncos.,${player_name} rushed ${rush_attempts} times for ${rush_yards} yards and hauled in ${reception} of 5 targets for ${rec_yards} yards in the Seahawks' week 1 loss to the ${opp}.
Rashaad Penny rushed 10 times for 30 yards in the Seahawks' Week 2 loss to the Bears.,${player_name} rushed ${rush_attempts} times for ${rush_yards} yards in the Seahawks' week 2 loss to the ${opp}.
Rashaad Penny managed just three yards on five carries Sunday in Seattle’s Week 3 victory over the Cowboys.,${player_name} managed just ${temp_var_0} yards on ${rush_yards} carries Sunday in ${team}'s week ${temp_var_1} victory over the ${opp}.
Rashaad Penny rushed nine times for 49 yards in Sunday's Week 4 win over the Cardinals.,${player_name} rushed ${rush_attempts} times for ${rush_yards} yards in Sunday's week ${week} win over the ${opp}.
Rashaad Penny rushed nine times for 43 yards and caught 2-of-2 targets for 27 yards in the Seahawks' Week 6 win over the Raiders.,${player_name} rushed ${rush_attempts} times for ${rush_yards} yards and caught ${reception} of ${reception} targets for ${rec_yards} yards in the Seahawks' week 6 win over the ${opp}.
Eli Manning completed 22-of-37 passes for 224 yards and an interception in the Giants' Week 1 loss to the Jaguars.,${player_name} completed 22 of ${pass_attempts} passes for ${pass_yards} yards and an interception in the ${team}' week ${temp_var_0} loss to the ${opp}.
Eli Manning completed 33-of-44 passes for 279 yards and a touchdown in the Giants' Week 2 loss to the Cowboys.,${player_name} completed ${pass_completions} of ${pass_attempts} passes for ${pass_yards} yards and a touchdown in the ${team}' week ${week} loss to the ${opp}.
Eli Manning completed 25-of-29 passes for 297 yards and two touchdowns in the Giants' Week 3 win over the Texans.,${player_name} completed ${pass_completions} of ${pass_attempts} passes for ${pass_yards} yards and ${pass_td} touchdowns in the ${team}' week ${week} win over the ${opp}.
Eli Manning completed 31-of-41 passes for 255 yards and one touchdown in the Giants' Week 4 loss to the Saints.,${player_name} completed ${pass_completions} of ${pass_attempts} passes for ${pass_yards} yards and ${temp_var_0} touchdown in the ${team}' week ${week} loss to the ${opp}.
Eli Manning completed 22-of-36 passes for 326 yards with two touchdowns and two interceptions while adding one yard on his only carry Sunday in the Giants’ Week 5 loss to Carolina.,${player_name} completed ${pass_completions} of ${pass_attempts} passes for ${pass_yards} yards with ${temp_var_0} touchdowns and ${temp_var_1} interceptions while adding ${rush_attempts} yard on his only carry Sunday in the ${team}' week ${week} loss to ${opp}.
"Eli Manning completed 24-of-43 passes for 281 yards, zero touchdowns and an interception in the Giants' 31-13, Week 6 loss to the Eagles.","${player_name} completed ${pass_completions} of ${pass_attempts} passes for ${pass_yards} yards, zero touchdowns and an interception in the ${team}' 31 13, week ${week} loss to the ${opp}."
Eli Manning completed 27-of-38 passes for 399 yards and one touchdown in the Giants' Week 7 loss to the Falcons.,${player_name} completed ${pass_completions} of ${pass_attempts} passes for ${pass_yards} yards and ${pass_td} touchdown in the ${team}' week ${temp_var_0} loss to the ${opp}.
Saquon Barkley rushed 18 times for 106 yards and a touchdown in the Giants' Week 1 loss to the Jaguars.,${player_name} rushed ${rush_attempts} times for ${rush_yards} yards and a touchdown in the ${team}' week ${temp_var_0} loss to the ${opp}.
Saquon Barkley rushed 11 times for 28 yards and caught 14-of-16 targets for 80 yards in the Giants' Week 2 loss to the Cowboys.,${player_name} rushed ${rush_attempts} times for ${rush_yards} yards and caught ${reception} of 16 targets for ${rec_yards} yards in the ${team}' week ${week} loss to the ${opp}.
Saquon Barkley rushed 17 times for 82 yards and a touchdown and caught five passes for 35 yards in Week 3 against the Texans.,${player_name} rushed ${rush_attempts} times for ${rush_yards} yards and a touchdown and caught ${reception} passes for ${rec_yards} yards in week ${week} against the ${opp}.
"Saquon Barkley rushed 10 times for 44 yards and one touchdown in the Giants' 33-18, Week 4 loss to the Saints.","${player_name} rushed ${rush_attempts} times for ${rush_yards} yards and ${rush_td} touchdown in the ${team}' 33 18, week ${week} loss to the ${opp}."
Saquon Barkley went for 48 yards on 15 carries while adding four catches for 81 yards and two touchdowns on four targets Sunday in the Giants’ Week 5 loss to the Panthers.,${player_name} went for ${rush_yards} yards on ${rush_attempts} carries while adding ${reception} catches for ${rec_yards} yards and ${rec_td} touchdowns on ${reception} targets Sunday in the ${team}' week ${week} loss to the ${opp}.
"Saquon Barkley rushed 13 times for 130 yards and a touchdown in the Giants' Week 6 loss to the Eagles, adding nine receptions for 99 additional yards.","${player_name} rushed ${rush_attempts} times for ${rush_yards} yards and a touchdown in the ${team}' week ${week} loss to the ${opp}, adding ${reception} receptions for ${rec_yards} additional yards."
"Saquon Barkley rushed 14 times for 43 yards and one touchdown and caught 9-of-10 targets for 51 yards in the Giants' 23-20, Week 7 loss to the Falcons on Monday night.","${player_name} rushed ${rush_attempts} times for ${rush_yards} yards and ${rush_td} touchdown and caught ${reception} of 10 targets for ${rec_yards} yards in the Giants' 23 20, week ${week} loss to the ${opp} on Monday night."
Cam Newton completed 17-of-26 passes for 161 yards and bulldozed his way to 58 yards and one touchdown on 13 carries in the Panthers' Week 1 win over the Cowboys.,${player_name} completed ${pass_completions} of ${pass_attempts} passes for ${pass_yards} yards and bulldozed his way to ${rush_yards} yards and ${temp_var_0} touchdown on ${rush_attempts} carries in the ${team}' week ${temp_var_1} win over the ${opp}.
"Cam Newton completed 32-of-45 passes for 335 yards, three touchdowns, and one interception in the Panthers' 31-24, Week 2 loss to the Falcons.","${player_name} completed ${pass_completions} of ${pass_attempts} passes for ${pass_yards} yards, ${pass_td} touchdowns, and ${pass_int} interception in the ${team}' 31 24, week ${week} loss to the ${opp}."
"Cam Newton completed 15-of-24 passes for 150 yards and two touchdowns, and rushed 10 times for 36 yards and two additional scores in the Panthers' 31-21 win over the Bengals in Week 3.","${player_name} completed ${pass_completions} of ${pass_attempts} passes for ${pass_yards} yards and ${temp_var_0} touchdowns, and rushed ${rush_attempts} times for ${rush_yards} yards and ${temp_var_1} additional scores in the ${team}' 31 21 win over the ${opp} in week ${week}."
Cam Newton completed 21-of-35 passes for 237 yards with two touchdowns and two interceptions while adding 29 yards on four carries Sunday in the Panthers’ Week 5 victory over the Giants.,${player_name} completed ${pass_completions} of ${pass_attempts} passes for ${pass_yards} yards with ${temp_var_0} touchdowns and ${temp_var_1} interceptions while adding ${rush_yards} yards on 4 carries Sunday in the ${team}' week ${week} victory over the ${opp}.
"Cam Newton completed 27-of-40 passes for 275 yards, two touchdowns and an interception in the Panthers' 23-17, Week 6 loss to the Redskins, adding nine carries for 43 additional yards.","${player_name} completed ${pass_completions} of ${pass_attempts} passes for ${pass_yards} yards, ${pass_td} touchdowns and an interception in the ${team}' 23 17, week ${week} loss to the ${opp}, adding ${rush_attempts} carries for ${rush_yards} additional yards."
Cam Newton completed 25-of-39 passes for 269 yards and two touchdowns and rushed seven times for 49 yards in the Panthers' Week 7 upset win over Philadelphia.,${player_name} completed ${pass_completions} of ${pass_attempts} passes for ${pass_yards} yards and ${pass_td} touchdowns and rushed ${temp_var_0} times for ${rush_yards} yards in the ${team}' week ${temp_var_1} upset win over ${opp}.
Christian McCaffrey rushed 10 times for 50 yards and caught 6-of-9 targets for 45 yards in the Panthers' Week 1 victory over the Cowboys.,${player_name} rushed ${rush_attempts} times for ${rush_yards} yards and caught ${reception} of 9 targets for ${rec_yards} yards in the ${team}' week ${temp_var_0} victory over the ${opp}.
"Christian McCaffrey rushed eight times for 37 yards and caught 14-of-15 targets for 102 yards in the Panthers' 31-24, Week 2 loss to the Falcons.","${player_name} rushed ${rush_attempts} times for ${rush_yards} yards and caught ${reception} of 15 targets for ${rec_yards} yards in the ${team}' 31 24, week ${week} loss to the ${opp}."
Christian McCaffrey rushed 28 times for 184 yards and caught 2-of-2 targets for ten yards in the Panthers' Week 3 win over the Bengals.,${player_name} rushed ${rush_attempts} times for ${rush_yards} yards and caught ${reception} of ${reception} targets for ${rec_yards} yards in the ${team}' week ${week} win over the ${opp}.
Christian McCaffrey earned 58 yards on 17 carries while also securing five targets for 35 yards and a touchdown on six targets Sunday in Carolina’s Week 5 win over the Giants.,${player_name} earned ${rush_yards} yards on ${rush_attempts} carries while also securing ${temp_var_0} targets for ${rec_yards} yards and a touchdown on 6 targets Sunday in ${team}'s week ${temp_var_1} win over the ${opp}.
"Christian McCaffrey caught 7-of-8 targets for 46 yards in the Panthers' Week 6 loss to the Redskins, adding eight carries for 20 additional yards.","${player_name} caught ${reception} of ${rush_attempts} targets for ${rec_yards} yards in the ${team}' week ${week} loss to the ${opp}, adding ${rush_attempts} carries for ${rush_yards} additional yards."
Christian McCaffrey rushed seven times for 29 yards and caught 6-of-6 targets for 51 yards in the Panthers' Week 7 win over the Eagles.,${player_name} rushed ${temp_var_0} times for ${rush_yards} yards and caught ${reception} of ${reception} targets for ${rec_yards} yards in the Panthers' week ${temp_var_1} win over the ${opp}.
C.J. Anderson rushed three times for 31 yards in the Panthers' Week 2 loss to the Falcons.,${player_name} rushed ${rush_attempts} times for ${rush_yards} yards in the ${team}' week ${week} loss to the ${opp}.
C.J. Anderson rushed twice for nine yards and caught his lone target for a 24-yard touchdown in the Panthers' Week 3 win over the Bengals.,${player_name} rushed twice for ${rush_yards} yards and caught his lone target for a ${temp_var_0} yard touchdown in the ${team}' week ${week} win over the ${opp}.
C.J. Anderson totaled just nine yards on four carries Sunday in the Panthers’ Week 5 victory over the Giants.,${player_name} totaled just ${rush_yards} yards on ${rush_attempts} carries Sunday in the Panthers' week ${week} victory over the ${opp}.
Bengals only have two running backs active for Week 4.,${team} only have ${rush_td} running backs active for week ${temp_var_0}.
Giovani Bernard rushed 15 times for 69 yards and two touchdowns in the Bengals' Week 4 win over the Falcons.,${player_name} rushed ${rush_attempts} times for ${rush_yards} yards and ${rush_td} touchdowns in the Bengals' week ${temp_var_0} win over the ${opp}.
Bengals RB Mark Walton exited week 4 against the Falcons with a possible concussion.,${team} ${player_position} ${player_name} exited week ${week} against the ${opp} with a possible concussion.
Mark Walton caught 2-of-3 passes for three yards in Week 5 against Miami.,${player_name} caught ${reception} of ${rec_yards} passes for ${rec_yards} yards in week ${week} against ${opp}.
"Tyreek Hill caught 7-of-8 targets for 169 yards and a pair of touchdowns in the Chiefs' Week 1 win over the Chargers, adding a 91-yard punt return score.","${player_name} caught ${reception} of 8 targets for ${rec_yards} yards and a pair of touchdowns in the Chiefs' week 1 win over the ${opp}, adding a 91 yard punt return score."
Tyreek Hill caught 5-of-6 targets for 90 yards and a touchdown in the Chiefs' Week 2 win over the Steelers.,${player_name} caught ${reception} of 6 targets for ${rec_yards} yards and a touchdown in the ${team}' week ${week} win over the ${opp}.
Tyreek Hill hauled in 2-of-5 targets for 51 yards in the Chiefs' Week 3 win over the 49ers.,${player_name} hauled in ${temp_var_0} of ${temp_var_1} targets for ${rec_yards} yards in the Chiefs' week 3 win over the ${opp}.
Tyreek Hill caught 9-of-13 targets for 54 yards in the Chiefs' Week 4 win over the Broncos.,${player_name} caught ${reception} of 13 targets for ${rec_yards} yards in the Chiefs' week 4 win over the ${opp}.
Tyreek Hill hauled in 4-of-7 targets for 61 yards and rushed twice for 26 yards in the Chiefs' Week 5 win over the Jaguars.,${player_name} hauled in ${reception} of 7 targets for ${rec_yards} yards and rushed twice for ${rush_yards} yards in the Chiefs' week 5 win over the ${opp}.
Tyreek Hill caught 7-of-12 targets for 142 yards and three touchdowns in the Chiefs' Week 6 loss to the Patriots.,${player_name} caught ${reception} of 12 targets for ${rec_yards} yards and ${rec_td} touchdowns in the Chiefs' week 6 loss to the ${opp}.
Tyreek Hill caught 7-of-10 passes for 68 yards and a touchdown in Week 7 against the Bengals.,${player_name} caught ${temp_var_0} of 10 passes for ${rec_yards} yards and a touchdown in week ${temp_var_1} against the ${opp}.
Chris Conley caught 2-of-2 targets for 17 yards and a touchdown in the Chiefs' Week 2 win over the Steelers.,${player_name} caught ${temp_var_0} of ${temp_var_1} targets for ${rec_yards} yards and a touchdown in the ${team}' week ${temp_var_2} win over the ${opp}.
Sammy Watkins caught 3-of-5 targets for 21 yards in the Chiefs' Week 1 win over the Chargers.,${player_name} caught ${reception} of 5 targets for ${rec_yards} yards in the ${team}' week ${week} win over the ${opp}.
"Sammy Watkins caught 6-of-7 targets for 100 yards in the Chiefs' Week 2 win over the Steelers, adding 31 yards on an end around.","${player_name} caught ${reception} of 7 targets for ${rec_yards} yards in the Chiefs' week 2 win over the ${opp}, adding ${temp_var_0} yards on an end around."
Sammy Watkins hauled in 5-of-8 targets for 55 yards and a touchdown in the Chiefs' Week 3 win over the 49ers.,${player_name} hauled in ${reception} of 8 targets for ${rec_yards} yards and a touchdown in the ${team}' week ${week} win over the ${opp}.
Sammy Watkins exited Week 4 against the Broncos with a hamstring injury.,${player_name} exited week ${week} against the ${opp} with a hamstring injury.
Sammy Watkins (hamstring) has been ruled out for the remainder of Week 4 against the Broncos.,${player_name} (hamstring) has been ruled out for the remainder of week ${week} against the ${opp}.
"Sammy Watkins (questionable, hamstring) is expected to play Week 5 against the Jaguars.","${player_name} (questionable, hamstring) is expected to play week ${week} against the ${opp}."
Sammy Watkins (hamstring) is active for Week 5 against the Jaguars.,${player_name} (hamstring) is active for week ${week} against the ${opp}.
Sammy Watkins hauled in 6-of-8 targets for 78 yards in the Chiefs' Week 5 win over the Jaguars.,${player_name} hauled in ${reception} of 8 targets for ${rec_yards} yards in the Chiefs' week 5 win over the ${opp}.
Sammy Watkins caught 4-of-7 passes for 74 yards in Week 7 against the Bengals.,${player_name} caught ${reception} of ${week} passes for ${rec_yards} yards in week ${week} against the ${opp}.
"Andrew Luck completed 39-of-53 passes for 319 yards, two touchdowns, and an interception in the Colts' Week 1 loss to Cincinnati.","${player_name} completed ${pass_completions} of ${pass_attempts} passes for ${pass_yards} yards, ${pass_td} touchdowns, and an interception in the ${team}' week ${temp_var_0} loss to ${opp}."
Andrew Luck completed 21-of-31 passes for 179 yards with two touchdowns and two interceptions while adding two yards on four carries Sunday in the Colts’ Week 2 win over the Redskins.,${player_name} completed ${pass_completions} of ${pass_attempts} passes for ${pass_yards} yards with ${temp_var_0} touchdowns and ${temp_var_1} interceptions while adding ${temp_var_2} yards on ${rush_attempts} carries Sunday in the Colts' week ${temp_var_3} win over the ${opp}.
Andrew Luck completed 25-of-40 passes for 164 yards with a touchdown in Sunday's Week 3 loss to the Eagles.,${player_name} completed ${pass_completions} of ${pass_attempts} passes for ${pass_yards} yards with a touchdown in Sunday's week ${week} loss to the ${opp}.
"Andrew Luck completed 40-of-62 passes for 464 yards and four touchdowns in the Colts' 37-34, Week 4 loss to the Texans.","${player_name} completed ${pass_completions} of ${pass_attempts} passes for ${pass_yards} yards and ${temp_var_0} touchdowns in the ${team}' 37 34, week ${temp_var_1} loss to the ${opp}."
"Andrew Luck completed 38-of-59 passes for 365 yards, three touchdowns and two interceptions in the Colts' 38-24, Week 5 loss to the Patriots.","${player_name} completed ${pass_completions} of ${pass_attempts} passes for ${pass_yards} yards, ${pass_td} touchdowns and ${pass_int} interceptions in the ${team}' ${pass_completions} 24, week ${week} loss to the ${opp}."
"Andrew Luck completed 23-of-43 passes for 301 yards, four touchdowns, and three interceptions in the Colts' Week 6 loss to the Jets.","${player_name} completed ${pass_completions} of ${pass_attempts} passes for ${pass_yards} yards, ${pass_td} touchdowns, and ${pass_int} interceptions in the ${team}' week ${week} loss to the ${opp}."
Andrew Luck completed 17-of-23 passes for 156 yards and four touchdowns while adding three rushes for five yards Sunday in the Colts’ Week 7 victory over Buffalo.,${player_name} completed ${pass_completions} of ${pass_attempts} passes for ${pass_yards} yards and ${pass_td} touchdowns while adding ${rush_attempts} rushes for ${rush_yards} yards Sunday in the Colts' week ${week} victory over ${opp}.
Marlon Mack is active for Week 6 against the Jets.,${player_name} is active for week ${week} against the ${opp}.
Marlon Mack rushed 12 times for 89 yards and caught 1-of-2 targets for four yards in the Colts' Week 6 loss to the Jets.,${player_name} rushed ${rush_attempts} times for ${rush_yards} yards and caught ${reception} of 2 targets for ${temp_var_0} yards in the ${team}' week ${week} loss to the ${opp}.
Marlon Mack broke out for 126 yards and a touchdown on 19 carries while also chipping in with two catches for 33 yards and another touchdown on three targets Sunday in the Colts’ Week 7 win over the Bills.,${player_name} broke out for ${rush_yards} yards and a touchdown on ${rush_attempts} carries while also chipping in with ${reception} catches for ${rec_yards} yards and another touchdown on 3 targets Sunday in the Colts' week 7 win over the ${opp}.
Nyheim Hines rushed five times for 19 yards and caught 7-of-9 targets for 33 yards in the Colts' Week 1 loss to the Bengals.,${player_name} rushed ${rush_attempts} times for ${rush_yards} yards and caught ${reception} of 9 targets for ${rec_yards} yards in the Colts' week ${week} loss to the ${opp}.
Nyheim Hines contributed seven yards and a touchdown on four carries while catching his lone target for a loss of two yards Sunday in the Colts’ Week 2 win over the Redskins.,${player_name} contributed ${rush_yards} yards and a touchdown on ${rush_attempts} carries while catching his lone target for a loss of ${week} yards Sunday in the ${team}' week ${week} win over the ${opp}.
Nyheim Hines rushed five times for 18 yards while catching 5-of-5 targets for 25 yards in Sunday's Week 3 loss to the Eagles.,${player_name} rushed ${temp_var_0} times for ${rush_yards} yards while catching ${temp_var_1} of ${temp_var_2} targets for ${rec_yards} yards in Sunday's week ${week} loss to the ${opp}.
Nyheim Hines rushed four times for 10 yards and caught 9-of-11 targets for 63 yards and two touchdowns in the Colts' Week 4 loss to the Texans.,${player_name} rushed ${temp_var_0} times for ${rush_yards} yards and caught ${reception} of 11 targets for ${rec_yards} yards and ${rec_td} touchdowns in the ${team}' week ${temp_var_1} loss to the ${opp}.
Nyheim Hines rushed three times for 14 yards and caught 2-of-3 targets for 21 yards in the Colts' Week 6 loss to the Jets.,${player_name} rushed ${rush_attempts} times for ${rush_yards} yards and caught ${reception} of ${rush_attempts} targets for ${rec_yards} yards in the ${team}' week ${week} loss to the ${opp}.
Nyheim Hines tallied 47 yards on five carries while adding one catch for -5 yards on two targets Sunday in the Colts’ Week 7 victory over the Bills.,${player_name} tallied ${rush_yards} yards on ${rush_attempts} carries while adding ${reception} catch for ${temp_var_0} yards on 2 targets Sunday in the Colts' week ${week} victory over the ${opp}.
Jordan Wilkins will be the Colts' starting running back in Week 1.,${player_name} will be the ${team}' starting running back in week ${week}.
Jordan Wilkins rushed 14 times for 40 yards and caught 3-of-3 targets for 21 yards in the Colts' Week 1 loss to the Bengals.,${player_name} rushed ${rush_attempts} times for ${rush_yards} yards and caught ${reception} of ${reception} targets for ${rec_yards} yards in the ${team}' week ${week} loss to the ${opp}.
Jordan Wilkins left Sunday's Week 2 game against the Redskins with an ankle injury and is questionable to return.,${player_name} left Sunday's week ${temp_var_0} game against the ${opp} with an ankle injury and is questionable to return.
Jordan Wilkins tallied 61 yards on 10 carries while collecting two catches for three yards on two targets Sunday in the Colts’ Week 2 win over Washington.,${player_name} tallied ${rush_yards} yards on ${rush_attempts} carries while collecting ${temp_var_0} catches for ${rec_yards} yards on ${temp_var_1} targets Sunday in the Colts' week ${temp_var_2} win over ${opp}.
Jordan Wilkins rushed six times for 19 yards while catching two passes for one yard in Sunday's Week 3 loss to the Eagles.,${player_name} rushed ${rush_attempts} times for ${rush_yards} yards while catching ${reception} passes for ${rec_yards} yard in Sunday's week ${week} loss to the ${opp}.
Jordan Wilkins rushed eight times for 16 yards in the Colts' Week 4 loss to the Texans.,${player_name} rushed ${rush_attempts} times for ${rush_yards} yards in the ${team}' week ${week} loss to the ${opp}.
Jordan Wilkins did not touch the ball in Week 6.,${player_name} did not touch the ball in week ${week}.
Jordan Wilkins collected 46 yards on six carries while securing his lone target for an eight-yard gain Sunday in the Colts’ Week 7 win over Buffalo.,${player_name} collected ${rush_yards} yards on ${rush_attempts} carries while securing his lone target for an ${temp_var_0} yard gain Sunday in the Colts' week ${week} win over ${opp}.
Doug Baldwin caught 5-of-7 passes for 41 yards in Sunday's Week 4 win over the Cardinals.,${player_name} caught ${reception} of 7 passes for ${rec_yards} yards in Sunday's week ${week} win over the ${opp}.
Doug Baldwin caught his only target for one yard in the Seahawks' Week 5 loss to the Rams.,${player_name} caught his only target for ${temp_var_0} yard in the Seahawks' week 5 loss to the ${opp}.
Doug Baldwin caught 6-of-8 targets for 91 yards in the Seahawks' Week 6 win over the Raiders.,${player_name} caught ${temp_var_0} of 8 targets for ${rec_yards} yards in the Seahawks' week 6 win over the ${opp}.
Giants RB Wayne Gallman (knee) is questionable to return Week 1 against the Jaguars.,${team} ${player_position} ${player_name} (knee) is questionable to return week ${temp_var_0} against the ${opp}.
Wayne Gallman (knee) expects to play Week 2.,${player_name} (knee) expects to play week ${reception}.
Jonathan Stewart rushed twice for eight yards in the Giants' Week 1 loss to the Jaguars.,${player_name} rushed twice for ${rush_yards} yards in the ${team}' week ${week} loss to the ${opp}.
Golden Tate caught 7-of-15 targets for 79 yards and one touchdown in the Lions' Week 1 loss to the Jets.,${player_name} caught ${reception} of 15 targets for ${rec_yards} yards and ${temp_var_0} touchdown in the ${team}' week ${temp_var_1} loss to the ${opp}.
Golden Tate chipped in with seven catches for 109 on 13 targets Sunday in Detroit’s Week 2 loss to the Niners.,${player_name} chipped in with ${reception} catches for ${rec_yards} on 13 targets Sunday in ${team}'s week ${week} loss to the Niners.
Golden Tate caught 6-of-8 passes for 69 yards in Week 3 against the Patriots.,${player_name} caught ${reception} of 8 passes for ${rec_yards} yards in week ${week} against the ${opp}.
"NFL Network's Ian Rapoport reports Golden Tate (questionable, hip) will play Week 4 against the Cowboys.","NFL Network's Ian Rapoport reports ${player_name} (questionable, hip) will play week ${week} against the ${opp}."
Golden Tate secured eight catches for 132 yards and two touchdowns on eight targets Sunday in the Lions’ Week 4 loss to the Cowboys.,${player_name} secured ${reception} catches for ${rec_yards} yards and ${rec_td} touchdowns on ${reception} targets Sunday in the ${team}' week ${week} loss to the ${opp}.
Golden Tate caught 5-of-7 targets for 42 yards in the Lions' Week 5 win over the Packers.,${player_name} caught ${temp_var_0} of 7 targets for ${rec_yards} yards in the ${team}' week ${temp_var_1} win over the ${opp}.
"Golden Tate caught 4-of-6 targets for 36 yards in the Lions' Week 7 win over the Dolphins, adding a 30-yard rush.","${player_name} caught ${reception} of 6 targets for ${rec_yards} yards in the ${team}' week ${week} win over the ${opp}, adding a ${temp_var_0} yard rush."
"Kenny Golladay caught 7-of-12 targets for 114 yards in the Lions' 48-17, Week 1 loss to the Jets on Monday night.","${player_name} caught ${reception} of 12 targets for ${rec_yards} yards in the ${team}' 48 17, week ${week} loss to the ${opp} on Monday night."
Kenny Golladay finished with six catches for 89 yards and a touchdown on nine targets Sunday in the Lions’ Week 2 loss to San Francisco.,${player_name} finished with ${reception} catches for ${rec_yards} yards and a touchdown on 9 targets Sunday in the ${team}' week ${week} loss to San Francisco.
Kenny Golladay caught 6-of-7 passes for 53 yards and a touchdown in the Lions' Week 3 win over the Patriots.,${player_name} caught ${reception} of 7 passes for ${rec_yards} yards and a touchdown in the ${team}' week ${week} win over the ${opp}.
Kenny Golladay came down with four catches for 74 yards on four targets Sunday in Detroit’s Week 4 loss to the Cowboys.,${player_name} came down with ${temp_var_0} catches for ${rec_yards} yards on ${temp_var_1} targets Sunday in ${team}'s week ${temp_var_2} loss to the ${opp}.
"Kenny Golladay caught 4-of-9 targets for 98 yards and one touchdown in the Lions' 31-23, Week 5 win over the Packers.","${player_name} caught ${reception} of 9 targets for ${rec_yards} yards and ${rec_td} touchdown in the ${team}' 31 23, week ${week} win over the ${opp}."
Kenny Golladay caught 2-of-2 targets for 37 yards in the Lions' Week 7 win over the Dolphins.,${player_name} caught ${reception} of ${reception} targets for ${rec_yards} yards in the Lions' week ${week} win over the ${opp}.
Marvin Jones caught 4-of-8 targets for 54 yards in the Lions' Week 1 loss to the Jets.,${player_name} caught ${reception} of 8 targets for ${rec_yards} yards in the ${team}' week ${week} loss to the ${opp}.
Marvin Jones hauled in four catches for 54 yards and a touchdown Sunday in the Lions’ Week 2 loss to the 49ers.,${player_name} hauled in ${reception} catches for ${rec_yards} yards and a touchdown Sunday in the ${team}' week ${week} loss to the ${opp}.
"NFL Network's Ian Rapoport reports ""there's optimism"" Marvin Jones (questionable, ankle) plays in Sunday night's game with the Patriots.","NFL Network's Ian Rapoport reports ""there's optimism"" ${player_name} (questionable, ankle) plays in Sunday night's game with the ${opp}."
Marvin Jones (ankle) is active for Week 3 against the Patriots.,${player_name} (ankle) is active for week ${week} against the ${opp}.
Marvin Jones caught 4-of-6 passes for 69 yards and a touchdown in Week 3 against the Patriots.,${player_name} caught ${reception} of 6 passes for ${rec_yards} yards and a touchdown in week ${week} against the ${opp}.
Marvin Jones chipped in with three catches for 56 yards on six targets Sunday in the Lions’ Week 4 loss to the Cowboys.,${player_name} chipped in with ${reception} catches for ${rec_yards} yards on 6 targets Sunday in the ${team}' week ${week} loss to the ${opp}.
Marvin Jones (ankle) is active for Week 5 against the Packers.,${player_name} (ankle) is active for week ${week} against the ${opp}.
Marvin Jones caught an eight-yard touchdown on four targets in the Lions' Week 5 win over the Packers.,${player_name} caught an ${temp_var_0} yard touchdown on 4 targets in the ${team}' week ${week} win over the ${opp}.
Marvin Jones caught 3-of-4 targets for 29 yards in the Lions' Week 7 win over the Dolphins.,${player_name} caught ${reception} of 4 targets for ${rec_yards} yards in the Lions' week ${week} win over the ${opp}.
Devin Funchess caught 7-of-9 targets for 77 yards in the Panthers' Week 2 loss to the Falcons.,${player_name} caught ${reception} of 9 targets for ${rec_yards} yards in the ${team}' week ${week} loss to the ${opp}.
Devin Funchess caught 4-of-7 targets for 67 yards and a touchdown in the Panthers' Week 3 win over the Bengals.,${player_name} caught ${reception} of 7 targets for ${rec_yards} yards and a touchdown in the ${team}' week ${week} win over the ${opp}.
Devin Funchess delivered four catches for 53 yards on seven targets Sunday in the Panthers’ Week 5 win over New York.,${player_name} delivered ${reception} catches for ${rec_yards} yards on 7 targets Sunday in the ${team}' week ${week} win over ${opp}.
Devin Funchess caught 5-of-8 targets for 74 yards and a touchdown in the Panthers' Week 6 loss to the Redskins.,${player_name} caught ${reception} of 8 targets for ${rec_yards} yards and a touchdown in the ${team}' week ${week} loss to the ${opp}.
Devin Funchess caught 6-of-11 targets for 62 yards and a touchdown in the Panthers’ Week 7 win over the Eagles.,${player_name} caught ${reception} of 11 targets for ${rec_yards} yards and a touchdown in the Panthers' week ${week} win over the ${opp}.
Jarius Wright caught 5-of-7 targets for 62 yards and one touchdown in the Panthers' Week 2 loss to the Falcons.,${player_name} caught ${reception} of 7 targets for ${rec_yards} yards and ${rec_td} touchdown in the Panthers' week ${week} loss to the ${opp}.
Torrey Smith caught 3-of-6 targets for 19 yards in the Panthers' Week 3 win over the Bengals.,${player_name} caught ${temp_var_0} of 6 targets for ${rec_yards} yards in the ${team}' week ${temp_var_1} win over the ${opp}.
Torrey Smith came up empty on his lone target Sunday in the Panthers’ Week 5 victory over New York.,${player_name} came up empty on his lone target Sunday in the ${team}' week ${week} victory over ${opp}.
Torrey Smith caught 5-of-5 targets for 43 yards and a touchdown in the Panthers' Week 6 loss to the Redskins.,${player_name} caught ${reception} of ${reception} targets for ${rec_yards} yards and a touchdown in the ${team}' week ${week} loss to the ${opp}.
Torrey Smith needed X-rays following Sunday’s Week 7 win over Philadelphia.,${player_name} needed X-rays following Sunday's week ${week} win over ${opp}.
D.J. Moore managed one catch for three yards on two targets in the Panthers' Week 3 win over the Bengals.,${player_name} managed ${reception} catch for ${temp_var_0} yards on 2 targets in the ${team}' week ${temp_var_1} win over the ${opp}.
D.J. Moore corralled each of his four targets for 49 yards while gaining 18 yards on his lone carry Sunday in the Panthers’ Week 5 win over the Giants.,${player_name} corralled each of his ${reception} targets for ${rec_yards} yards while gaining ${temp_var_0} yards on his lone carry Sunday in the ${team}' week ${week} win over the ${opp}.
"D.J. Moore caught 4-of-5 targets for 59 yards in the Panthers' Week 6 loss to the Redskins, adding 18 yards rushing while losing a pair of fumbles.","${player_name} caught ${reception} of 5 targets for ${rec_yards} yards in the ${team}' week ${week} loss to the ${opp}, adding ${temp_var_0} yards rushing while losing a pair of fumbles."
D.J. Moore caught 3-of-5 targets for 29 yards in the Panthers’ Week 7 win over the Eagles.,${player_name} caught ${temp_var_0} of 5 targets for ${rec_yards} yards in the Panthers' week ${week} win over the ${opp}.
A.J. Green caught 6-of-8 targets for 92 yards and a touchdown in the Bengals' Week 1 win over the Colts.,${player_name} caught ${reception} of 8 targets for ${rec_yards} yards and a touchdown in the ${team}' week ${temp_var_0} win over the ${opp}.
A.J. Green caught 5-of-9 targets for 69 yards and three touchdowns in the Bengals' Week 2 win over the Ravens.,${player_name} caught ${reception} of 9 targets for ${rec_yards} yards and ${rec_td} touchdowns in the ${team}' week ${week} win over the ${opp}.
A.J. Green is questionable to return to Sunday's Week 3 game at Carolina due to a groin injury.,${player_name} is questionable to return to Sunday's week ${week} game at ${opp} due to a groin injury.
A.J. Green (groin) expects to play in Week 4.,${player_name} (groin) expects to play in week 4.
A.J. Green hauled in 4-of-8 targets for 78 yards and the game-winning touchdown in the Bengals' Week 4 win over the Falcons.,${player_name} hauled in ${temp_var_0} of 8 targets for ${rec_yards} yards and the game-winning touchdown in the ${team}' week ${temp_var_1} win over the ${opp}.
A.J. Green caught 6-of-10 targets for 112 yards in Week 5 against the Dolphins.,${player_name} caught ${reception} of 10 targets for ${rec_yards} yards in week ${week} against the ${opp}.
A.J. Green caught 7-of-12 targets for 85 yards in the Bengals' Week 6 loss to the Steelers.,${player_name} caught ${reception} of 12 targets for ${rec_yards} yards in the Bengals' week ${week} loss to the ${opp}.
A.J. Green caught 7-of-14 targets for 117 yards in Week 7 against the Chiefs.,${player_name} caught ${temp_var_0} of 14 targets for ${rec_yards} yards in week ${temp_var_1} against the ${opp}.
Tyler Boyd caught 3-of-5 targets for 26 yards in the Bengals' Week 1 win over the Colts.,${player_name} caught ${reception} of 5 targets for ${rec_yards} yards in the Bengals' week ${week} win over the ${opp}.
Tyler Boyd caught 6-of-7 targets for 132 yards and a touchdown in the Bengals' Week 3 loss to Carolina.,${player_name} caught ${reception} of 7 targets for ${rec_yards} yards and a touchdown in the ${team}' week ${week} loss to ${opp}.
Tyler Boyd hauled in 11-of-15 targets for 100 yards in the Bengals' Week 4 win over the Falcons.,${player_name} hauled in ${reception} of 15 targets for ${rec_yards} yards in the Bengals' week 4 win over the ${opp}.
Tyler Boyd caught 4-of-7 passes for 44 yards in Week 5 against the Dolphins.,${player_name} caught ${reception} of 7 passes for ${rec_yards} yards in week ${week} against the ${opp}.
"Tyler Boyd caught 7-of-9 targets for 62 yards and two touchdowns in the Bengals' 28-21, Week 6 loss to the Steelers.","${player_name} caught ${reception} of 9 targets for ${rec_yards} yards and ${rec_td} touchdowns in the ${team}' 28 21, week ${week} loss to the ${opp}."
Tyler Boyd caught 2-of-4 passes for 27 yards in Week 7 against the Chiefs.,${player_name} caught 2 of 4 passes for ${rec_yards} yards in week ${week} against the ${opp}.
John Ross caught 3-of-7 targets for 16 yards in the Bengals' Week 3 loss to the Panthers.,${player_name} caught ${temp_var_0} of 7 targets for ${rec_yards} yards in the Bengals' week ${temp_var_1} loss to the ${opp}.
John Ross hauled in 2-of-2 targets for 52 yards and a touchdown in the Bengals' Week 4 win over the Falcons.,${player_name} hauled in ${reception} of ${reception} targets for ${rec_yards} yards and a touchdown in the ${team}' week ${week} win over the ${opp}.
John Ross left Week 7 against the Chiefs with a groin injury.,${player_name} left week ${week} against the ${opp} with a groin injury.
Tyler Eifert caught 3-of-3 targets for 44 yards in the Bengals' Week 1 win over the Colts.,${player_name} caught ${reception} of ${reception} targets for ${rec_yards} yards in the Bengals' week ${week} win over the ${opp}.
Tyler Eifert caught 6-of-8 targets for 74 yards in the Bengals' Week 3 loss to Carolina.,${player_name} caught ${reception} of 8 targets for ${rec_yards} yards in the Bengals' week ${week} loss to ${opp}.
Tyler Eifert exited Week 4 against the Falcons with a lower leg injury.,${player_name} exited week ${temp_var_0} against the ${opp} with a lower leg injury.
ESPN's Adam Schefter reports Tyler Eifert suffered a broken ankle Week 4 against the Falcons.,ESPN's Adam Schefter reports ${player_name} suffered a broken ankle week ${temp_var_0} against the ${opp}.
Travis Kelce caught just 1-of-6 targets for six yards in the Chiefs' Week 1 win over the Chargers.,${player_name} caught just ${temp_var_0} of ${temp_var_1} targets for ${temp_var_2} yards in the Chiefs' week 1 win over the ${opp}.
Travis Kelce caught 7-of-10 targets for 109 yards and two touchdowns in the Chiefs' Week 2 win over the Steelers.,${player_name} caught ${reception} of 10 targets for ${rec_yards} yards and ${temp_var_0} touchdowns in the Chiefs' week 2 win over the ${opp}.
Travis Kelce hauled in 8-of-10 targets for 114 yards in the Chiefs' Week 3 win over the 49ers.,${player_name} hauled in ${reception} of 10 targets for ${rec_yards} yards in the Chiefs' week 3 win over the ${opp}.
Travis Kelce caught 7-of-12 targets for 78 yards and one touchdown in the Chiefs' Week 4 win over the Broncos on Monday night.,${player_name} caught ${reception} of 12 targets for ${rec_yards} yards and ${rec_td} touchdown in the ${team}' week ${week} win over the ${opp} on Monday night.
Travis Kelce hauled in 5-of-8 targets for 100 yards in the Chiefs' Week 5 win over the Jaguars.,${player_name} hauled in ${temp_var_0} of 8 targets for ${rec_yards} yards in the Chiefs' week 5 win over the ${opp}.
Travis Kelce caught five passes for 95 yards in Week 7 against the Bengals.,${player_name} caught ${reception} passes for ${rec_yards} yards in week ${week} against the ${opp}.
T.Y. Hilton exited Week 4 with a chest injury.,${player_name} exited week ${temp_var_0} with a chest injury.
T.Y. Hilton (chest) returned to Week 4 against the Texans.,${player_name} (chest) returned to week ${temp_var_0} against the ${opp}.
T.Y. Hilton exited Week 4 against the Texans with a hamstring injury and will not return.,${player_name} exited week ${temp_var_0} against the ${opp} with a hamstring injury and will not return.
Coach Frank Reich said T.Y. Hilton (hamstring) is unlikely to play Week 5 against the Patriots.,Coach Frank Reich said ${player_name} (hamstring) is unlikely to play week 5 against the Patriots.
T.Y. Hilton contributed four catches for 25 yards and two touchdowns on four targets Sunday in the Colts’ Week 7 victory over the Bills.,${player_name} contributed ${reception} catches for ${rec_yards} yards and ${rec_td} touchdowns on ${reception} targets Sunday in the Colts' week ${week} victory over the ${opp}.
Colts WR Zach Pascal caught 5-of-7 targets for 35 yards in Sunday's Week 6 loss to the Jets.,${team} ${player_position} ${player_name} caught ${reception} of ${rec_avg} targets for ${rec_yards} yards in Sunday's week ${week} loss to the ${opp}.
Tyler Lockett hauled in 3-of-4 targets for 59 yards and a touchdown in the Seahawks' Week 1 loss to the Broncos.,${player_name} hauled in ${reception} of 4 targets for ${rec_yards} yards and a touchdown in the Seahawks' week 1 loss to the ${opp}.
Tyler Lockett caught 5-of-7 targets for 60 yards and one touchdown in the Seahawks' Week 2 loss to the Bears.,${player_name} caught ${reception} of 7 targets for ${rec_yards} yards and ${rec_td} touchdown in the Seahawks' week 2 loss to the ${opp}.
Tyler Lockett collected four catches for 77 yards and a touchdown on six targets Sunday in the Seahawks’ Week 3 win over the Cowboys.,${player_name} collected ${reception} catches for ${rec_yards} yards and a touchdown on 6 targets Sunday in the Seahawks' week 3 win over the ${opp}.
Tyler Lockett caught 5-of-6 targets for 53 yards in Sunday's Week 4 win over the Cardinals.,${player_name} caught ${reception} of 6 targets for ${rec_yards} yards in Sunday's week ${week} win over the ${opp}.
Tyler Lockett hauled in 3-of-5 targets for 98 yards and a touchdown in the Seahawks' Week 5 loss to the Rams.,${player_name} hauled in ${reception} of ${week} targets for ${rec_yards} yards and a touchdown in the Seahawks' week ${week} loss to the ${opp}.
Tyler Lockett caught 3-of-4 targets for 13 yards and a touchdown in the Seahawks' Week 6 blowout win over the Raiders.,${player_name} caught ${reception} of 4 targets for ${rec_yards} yards and a touchdown in the Seahawks' week ${week} blowout win over the ${opp}.
Brandon Marshall hauled in 3-of-6 targets for 46 yards and a touchdown in the Seahawks' Week 1 loss to the Broncos.,${player_name} hauled in ${reception} of 6 targets for ${rec_yards} yards and a touchdown in the ${team}' week ${temp_var_0} loss to the ${opp}.
Brandon Marshall snagged two-of-six targets for 30 yards Sunday in Seattle’s Week 3 win over the Cowboys.,${player_name} snagged ${reception} of 6 targets for ${rec_yards} yards Sunday in ${team}'s week ${week} win over the ${opp}.
Brandon Marshall caught 1-of-3 targets for 5 yards in Sunday's Week 4 win over the Cardinals.,${player_name} caught ${reception} of 3 targets for ${temp_var_0} yards in Sunday's week ${week} win over the ${opp}.
Brandon Marshall failed to catch his only target in the Seahawks' Week 5 loss to the Rams.,${player_name} failed to catch his only target in the Seahawks' week 5 loss to the ${opp}.
Odell Beckham hauled in 11-of-15 targets for 111 yards in the Giants' Week 1 loss to the Jaguars.,${player_name} hauled in ${reception} of 15 targets for ${rec_yards} yards in the ${team}' week ${temp_var_0} loss to the ${opp}.
Odell Beckham caught 4-of-9 targets for 51 yards in the Giants' Week 2 loss to the Cowboys.,${player_name} caught ${reception} of 9 targets for ${rec_yards} yards in the ${team}' week ${week} loss to the ${opp}.
Odell Beckham caught 9-of-10 passes for 109 yards in Week 3 against the Texans.,${player_name} caught ${reception} of 10 passes for ${rec_yards} yards in week ${week} against the ${opp}.
Odell Beckham caught 7-of-11 targets for 60 yards in the Giants' Week 4 loss to the Saints.,${player_name} caught ${reception} of 11 targets for ${rec_yards} yards in the ${team}' week ${week} loss to the ${opp}.
Odell Beckham pulled in eight-of-14 targets for 131 yards and a touchdown while also throwing for a 57-yard touchdown Sunday in New York’s Week 5 loss to the Panthers.,${player_name} pulled in ${reception} of 14 targets for ${rec_yards} yards and a touchdown while also throwing for a 57 yard touchdown Sunday in New York's week ${week} loss to the ${opp}.
Odell Beckham caught 6-of-10 passes for 44 yards in the Giants' Week 6 loss to the Eagles.,${player_name} caught ${temp_var_0} of 10 passes for ${rec_yards} yards in the ${team}' week ${temp_var_1} loss to the ${opp}.
"Odell Beckham caught 8-of-11 targets for 143 yards and one touchdown in the Giants' 23-20, Week 7 loss to the Falcons on Monday night.","${player_name} caught ${reception} of 11 targets for ${rec_yards} yards and ${temp_var_0} touchdown in the Giants' 23 20, week ${week} loss to the ${opp} on Monday night."
Sterling Shepard hauled in 5-of-7 targets for 48 yards in the Giants' Week 1 loss to the Jaguars.,${player_name} hauled in ${reception} of 7 targets for ${rec_yards} yards in the ${team}' week ${week} loss to the ${opp}.
Sterling Shepard (back) is active for Week 2 against the Cowboys.,${player_name} (back) is active for week ${week} against the ${opp}.
Sterling Shepard caught 3-of-5 passes for 24 yards in Week 2 against the Cowboys.,${player_name} caught ${reception} of 5 passes for ${rec_yards} yards in week ${week} against the ${opp}.
Sterling Shepard caught 6-of-7 yards for 80 yards and a touchdown in Week 3 against the Texans.,${player_name} caught ${reception} of 7 yards for ${rec_yards} yards and a touchdown in week ${week} against the ${opp}.
Sterling Shepard caught all 10 targets for 77 yards and one touchdown in the Giants' Week 4 loss to the Saints.,${player_name} caught all ${reception} targets for ${rec_yards} yards and ${rec_td} touchdown in the ${team}' week ${week} loss to the ${opp}.
Sterling Shepard contributed four catches for 75 yards on seven targets Sunday in the Giants’ Week 5 loss to the Panthers.,${player_name} contributed ${reception} catches for ${rec_yards} yards on 7 targets Sunday in the ${team}' week ${week} loss to the ${opp}.
Sterling Shepard caught 5-of-8 targets for 167 yards in the Giants' Week 7 loss to the Falcons.,${player_name} caught ${reception} of 8 targets for ${rec_yards} yards in the Giants' week ${week} loss to the ${opp}.
Giants WR Cody Latimer was forced from Thursday's game against the Eagles with a hamstring injury and will not return.,${team} ${player_position} ${player_name} was forced from Thursday's game against the ${opp} with a hamstring injury and will not return.
Curtis Samuel grabbed two catches for 37 yards and a touchdown on four targets Sunday in Carolina’s Week 5 win over the Giants.,${player_name} grabbed ${reception} catches for ${rec_yards} yards and a touchdown on 4 targets Sunday in ${team}'s week ${week} win over the ${opp}.
Curtis Samuel rushed twice for nine yards and a touchdown and caught a 16-yard pass in the Panthers’ Week 7 win over the Eagles.,${player_name} rushed twice for ${rush_yards} yards and a touchdown and caught a ${temp_var_0} yard pass in the Panthers' week ${week} win over the ${opp}.
Greg Olsen (foot) is active for Week 6 against the Redskins.,${player_name} (foot) is active for week ${week} against the ${opp}.
Greg Olsen caught 4-of-7 targets for 48 yards in the Panthers' Week 6 loss to the Redskins.,${player_name} caught ${reception} of 7 targets for ${rec_yards} yards in the ${team}' week ${week} loss to the ${opp}.
Greg Olsen caught 2-of-5 targets for five yards and a touchdown in the Panthers’ Week 7 win over the Eagles.,${player_name} caught ${reception} of ${rec_yards} targets for ${rec_yards} yards and a touchdown in the Panthers' week ${week} win over the ${opp}.
Ian Thomas caught 2-of-3 targets for 10 yards in the Panthers' Week 2 loss to the Falcons.,${player_name} caught ${temp_var_0} of 3 targets for ${rec_yards} yards in the ${team}' week ${temp_var_1} loss to the ${opp}.
Ian Thomas caught 3-of-5 targets for 20 yards in the Panthers' Week 3 win over the Bengals.,${player_name} caught ${temp_var_0} of 5 targets for ${rec_yards} yards in the Panthers' week ${temp_var_1} win over the ${opp}.
Bengals TE Tyler Kroft left Week 5 against Miami with a foot injury and is questionable to return.,${team} ${player_position} ${player_name} left week ${week} against ${opp} with a foot injury and is questionable to return.
Ryan Grant caught 8-of-9 targets for 59 yards in the Colts' Week 1 loss to the Bengals.,${player_name} caught ${reception} of 9 targets for ${rec_yards} yards in the ${team}' week ${week} loss to the ${opp}.
Ryan Grant delivered two catches for 30 yards on two targets Sunday in the Colts’ Week 2 victory over Washington.,${player_name} delivered ${temp_var_0} catches for ${rec_yards} yards on ${temp_var_1} targets Sunday in the Colts' week ${temp_var_2} victory over ${opp}.
Ryan Grant caught 3-of-4 targets for 35 yards and a touchdown in Sunday's Week 3 loss to the Eagles.,${player_name} caught ${temp_var_0} of 4 targets for ${rec_yards} yards and a touchdown in Sunday's week ${temp_var_1} loss to the ${opp}.
Ryan Grant caught 5-of-7 targets for 64 yards in the Colts' Week 4 loss to the Texans.,${player_name} caught ${reception} of 7 targets for ${rec_yards} yards in the ${team}' week ${week} loss to the ${opp}.
Ryan Grant left Sunday's Week 6 game against the Jets with an ankle injury and will not return.,${player_name} left Sunday's week ${week} game against the ${opp} with an ankle injury and will not return.
Chester Rogers caught 8-of-11 targets for 85 yards in the Colts' Week 4 loss to the Texans.,${player_name} caught ${reception} of 11 targets for ${rec_yards} yards in the ${team}' week ${week} loss to the ${opp}.
Chester Rogers caught 4-of-10 targets for 55 yards and a touchdown in the Colts' Week 6 loss to the Jets.,${player_name} caught ${reception} of 10 targets for ${rec_yards} yards and a touchdown in the ${team}' week ${week} loss to the ${opp}.
Chester Rogers came down with four catches for 40 yards on four targets Sunday in Indianapolis’ Week 7 win over the Bills.,${player_name} came down with ${reception} catches for ${rec_yards} yards on ${reception} targets Sunday in Indianapolis' week ${week} win over the ${opp}.
Eric Ebron corralled three-of-four targets for 26 yards and a touchdown Sunday in the Colts’ Week 2 win over the Redskins.,${player_name} corralled ${reception} of 4 targets for ${rec_yards} yards and a touchdown Sunday in the ${team}' week ${week} win over the ${opp}.
Eric Ebron caught 5-of-11 targets for 33 yards in Sunday's Week 3 loss to the Eagles.,${player_name} caught ${reception} of 11 targets for ${rec_yards} yards in Sunday's week ${week} loss to the ${opp}.
Eric Ebron caught 5-of-10 targets for 40 yards and one touchdown in the Colts' Week 4 loss to the Texans.,${player_name} caught ${reception} of 10 targets for ${rec_yards} yards and ${rec_td} touchdown in the ${team}' week ${week} loss to the ${opp}.
Eric Ebron caught 9-of-15 targets for 105 yards and two touchdowns in the Colts' Week 5 loss to the Patriots.,${player_name} caught ${reception} of 15 targets for ${rec_yards} yards and ${rec_td} touchdowns in the ${team}' week ${week} loss to the ${opp}.
Eric Ebron is active for Week 6 against the Jets.,${player_name} is active for week ${week} against the ${opp}.
Eric Ebron caught 4-of-7 targets for 71 yards and a touchdown in the Colts' Week 6 loss to the Jets.,${player_name} caught ${reception} of 7 targets for ${rec_yards} yards and a touchdown in the ${team}' week ${week} loss to the ${opp}.
Eric Ebron absorbed three-of-seven targets for 31 yards Sunday in the Colts’ Week 7 win over the Bills.,${player_name} absorbed ${reception} of ${week} targets for ${rec_yards} yards Sunday in the Colts' week ${week} win over the ${opp}.
Erik Swoope caught 1-of-2 targets for a two-yard touchdown in the Colts' Week 6 loss to the Jets.,${player_name} caught ${temp_var_0} of ${temp_var_1} targets for a ${temp_var_2} yard touchdown in the ${team}' week ${week} loss to the ${opp}.
Colts TE Erik Swoope (knee) left Sunday's Week 7 game against the Bills and is questionable to return.,Colts TE ${player_name} (knee) left Sunday's week ${week} game against the ${opp} and is questionable to return.
Will Dissly hauled in 3-of-5 targets for 105 yards and a touchdown in the Seahawks' Week 1 loss to the Broncos.,${player_name} hauled in ${reception} of 5 targets for ${rec_yards} yards and a touchdown in the Seahawks' week 1 loss to the ${opp}.
Will Dissly secured one-of-three targets for four yards Sunday in the Seahawks’ Week 3 victory over Dallas.,${player_name} secured ${reception} of ${week} targets for ${temp_var_0} yards Sunday in the Seahawks' week 3 victory over ${opp}.
Seahawks TE Will Dissly suffered a knee injury and has exited Sunday's Week 4 game versus the Cardinals.,${team} ${player_position} ${player_name} suffered a knee injury and has exited Sunday's week ${week} game versus the ${opp}.
Seahawks TE Will Dissly suffered a torn patella tendon in Sunday's Week 4 win over the Cardinals.,${team} ${player_position} ${player_name} suffered a torn patella tendon in Sunday's week ${week} win over the ${opp}.
Evan Engram suffered a knee injury in Week 3 against the Texans.,${player_name} suffered a knee injury in week ${week} against the ${opp}.
Evan Engram (knee) will undergo an MRI on Monday.,${player_name} (knee) will undergo an MRI on Monday.
Evan Engram caught 2-of-4 targets for 16 yards in the Giants' Week 7 loss to the Falcons.,${player_name} caught ${reception} of 4 targets for ${rec_yards} yards in the Giants' week ${week} loss to the ${opp}.
"Aaron Rodgers completed 22-of-40 passes for 298 yards, one touchdown and an interception in the Packers' 22-0, Week 4 win over the Bills, adding five carries for 31 additional yards.","${player_name} completed ${pass_completions} of ${pass_attempts} passes for ${pass_yards} yards, ${temp_var_0} touchdown and an interception in the ${team}' ${pass_completions} ${temp_var_1}, week ${week} win over the ${opp}, adding ${rush_attempts} carries for ${rush_yards} additional yards."
Packers CEO and president Mark Murphy downplayed the tension between Aaron Rodgers and coach Mike McCarthy.,${team} CEO and president Mark Murphy downplayed the tension between ${player_name} and coach Mike McCarthy.
"Aaron Rodgers completed 32-of-52 passes for 442 yards and three touchdowns in the Packers' 31-23, Week 5 loss to the Lions.","${player_name} completed ${pass_completions} of ${pass_attempts} passes for ${pass_yards} yards and ${temp_var_0} touchdowns in the ${team}' 31 23, week ${week} loss to the ${opp}."
"Aaron Rodgers completed 25-of-46 passes for 425 yards and two touchdowns in the Packers' 33-30, Week 6 comeback win over the 49ers on Monday night.","${player_name} completed ${pass_completions} of ${pass_attempts} passes for ${pass_yards} yards and ${pass_td} touchdowns in the ${team}' 33 30, week ${week} comeback win over the ${opp} on Monday night."
"On in relief of an injured Tyrod Taylor (concussion), Baker Mayfield completed 17-of-23 passes for 201 yards, zero touchdowns and zero interceptions in the Browns' 21-17, Week 3 win over the Jets.","On in relief of an injured Tyrod Taylor (concussion), ${player_name} completed ${pass_completions} of ${pass_attempts} passes for ${pass_yards} yards, zero touchdowns and zero interceptions in the ${team}' 21 ${pass_completions}, week ${week} win over the ${opp}."
"Baker Mayfield completed 21-of-41 passes for 295 yards, two touchdowns, and two interceptions in the Browns' Week 4 loss to Oakland.","${player_name} completed ${pass_completions} of ${pass_attempts} passes for ${pass_yards} yards, ${temp_var_0} touchdowns, and ${temp_var_1} interceptions in the ${team}' week ${temp_var_2} loss to ${opp}."
Baker Mayfield completed 25-of-43 passes for 342 yards with one touchdown and one interception in Sunday's Week 5 win over the Ravens.,${player_name} completed ${pass_completions} of ${pass_attempts} passes for ${pass_yards} yards with ${temp_var_0} touchdown and ${temp_var_1} interception in Sunday's week ${week} win over the ${opp}.
Baker Mayfield completed 22-of-46 passes for 238 yards with one touchdown and two interceptions in Sunday's Week 6 loss to the Chargers.,${player_name} completed ${pass_completions} of ${pass_attempts} passes for ${pass_yards} yards with ${pass_td} touchdown and ${temp_var_0} interceptions in Sunday's week ${week} loss to the ${opp}.
Baker Mayfield completed 23-of-34 passes for 215 yards and two touchdowns in Sunday's Week 7 loss to the Buccaneers.,${player_name} completed ${pass_completions} of ${pass_attempts} passes for ${pass_yards} yards and ${pass_td} touchdowns in Sunday's week ${week} loss to the ${opp}.
"Philip Rivers completed 34-of-51 passes for 424 yards, three touchdowns and an interception in the Chargers' 38-28, Week 1 loss to the Chiefs.","${player_name} completed ${pass_completions} of ${pass_attempts} passes for ${pass_yards} yards, ${pass_td} touchdowns and an interception in the ${team}' 38 28, week ${temp_var_0} loss to the ${opp}."
Philip Rivers completed 23-of-27 passes for 256 yards and three touchdowns in the Chargers' Week 2 win over Buffalo.,${player_name} completed ${pass_completions} of ${pass_attempts} passes for ${pass_yards} yards and ${temp_var_0} touchdowns in the ${team}' week ${week} win over ${opp}.
Philip Rivers completed 18-of-30 passes for 226 yards and two touchdowns in the Chargers' Week 3 loss to the Rams.,${player_name} completed ${pass_completions} of ${pass_attempts} passes for ${pass_yards} yards and ${pass_td} touchdowns in the ${team}' week ${week} loss to the ${opp}.
"Philip Rivers completed 25-of-39 passes for 250 yards, three touchdowns, and one interception in the Chargers' Week 4 win over the 49ers.","${player_name} completed ${pass_completions} of ${pass_attempts} passes for ${pass_yards} yards, ${pass_td} touchdowns, and ${pass_int} interception in the ${team}' week ${temp_var_0} win over the ${opp}."
Philip Rivers completed 22-of-27 passes for 339 yards and two touchdowns in the Chargers' Week 5 victory over the Raiders.,${player_name} completed ${pass_completions} of ${pass_attempts} passes for ${pass_yards} yards and ${pass_td} touchdowns in the ${team}' week ${week} victory over the ${opp}.
Philip Rivers completed 11-of-20 passes for 207 yards with two touchdowns and one interception in Sunday's Week 6 win over the Browns.,${player_name} completed ${pass_completions} of ${pass_attempts} passes for ${pass_yards} yards with ${pass_td} touchdowns and ${pass_int} interception in Sunday's week ${week} win over the ${opp}.
Philip Rivers completed 19-of-26 passes for 306 yards and two touchdowns in the Chargers' Week 7 win over the Titans.,${player_name} completed ${pass_completions} of ${pass_attempts} passes for ${pass_yards} yards and ${pass_td} touchdowns in the Chargers' week ${week} win over the ${opp}.
"Melvin Gordon rushed 15 times for 64 yards in the Chargers' Week 1 loss to the Chiefs, adding a ridiculous nine receptions for 102 additional yards.","${player_name} rushed ${rush_attempts} times for ${rush_yards} yards in the ${team}' week ${week} loss to the ${opp}, adding a ridiculous ${reception} receptions for ${rec_yards} additional yards."
Melvin Gordon rushed nine times for 28 yards and a touchdown and caught 6-of-7 passes for 38 yards and two touchdowns in the Chargers' Week 2 win over Buffalo.,${player_name} rushed ${rush_attempts} times for ${rush_yards} yards and a touchdown and caught ${reception} of 7 passes for ${rec_yards} yards and ${temp_var_0} touchdowns in the ${team}' week ${temp_var_1} win over ${opp}.
Melvin Gordon rushed 15 times for 80 yards and one touchdown and caught 2-of-4 targets for four yards in the Chargers' Week 3 loss to the Rams.,${player_name} rushed ${rush_attempts} times for ${rush_yards} yards and ${rush_td} touchdown and caught ${temp_var_0} of ${rec_yards} targets for ${rec_yards} yards in the ${team}' week ${week} loss to the ${opp}.
"Melvin Gordon rushed 15 times for 104 yards, and also added seven receptions for 55 yards and a touchdown in the Chargers' Week 4 win over the 49ers.","${player_name} rushed ${rush_attempts} times for ${rush_yards} yards, and also added ${reception} receptions for ${rec_yards} yards and a touchdown in the ${team}' week ${week} win over the ${opp}."
"Melvin Gordon rushed 19 times for 58 yards and one touchdown, adding four catches for 62 yards in the Chargers' week 5 victory over the Raiders.","${player_name} rushed ${rush_attempts} times for ${rush_yards} yards and ${rush_td} touchdown, adding ${reception} catches for ${rec_yards} yards in the ${team}' week ${week} victory over the ${opp}."
Melvin Gordon rushed 18 times for 132 yards with three touchdowns while catching 2-of-4 targets for 18 yards in Sunday's Week 6 win over the Browns.,${player_name} rushed ${temp_var_0} times for ${rush_yards} yards with ${rush_td} touchdowns while catching ${reception} of 4 targets for ${temp_var_1} yards in Sunday's week ${week} win over the ${opp}.
"Austin Ekeler caught 5-of-5 targets for 87 yards and a touchdown in the Chargers' Week 1 loss to the Chiefs, adding five carries for 39 additional yards.","${player_name} caught ${temp_var_0} of ${temp_var_1} targets for ${rec_yards} yards and a touchdown in the ${team}' week ${temp_var_2} loss to the ${opp}, adding ${temp_var_3} carries for ${rush_yards} additional yards."
Austin Ekeler rushed 11 times for 77 yards and caught three passes for 21 yards in Week 2 against Buffalo.,${player_name} rushed ${rush_attempts} times for ${rush_yards} yards and caught ${reception} passes for ${rec_yards} yards in week ${week} against ${opp}.
Austin Ekeler rushed four times for 44 yards and caught all three of his targets for 24 yards in the Chargers' Week 3 loss to the Rams.,${player_name} rushed ${rush_attempts} times for 44 yards and caught all ${temp_var_0} of his targets for ${rec_yards} yards in the ${team}' week ${temp_var_1} loss to the ${opp}.
Austin Ekeler rushed eight times for 25 yards but caught 2-of-3 targets for 31 yards and touchdown in the Chargers' Week 4 win over the 49ers.,${player_name} rushed ${rush_attempts} times for ${rush_yards} yards but caught ${reception} of 3 targets for ${rec_yards} yards and touchdown in the ${team}' week ${week} win over the ${opp}.
"Austin Ekeler rushed six times for 15 yards, additionally scampering for a 44-yard touchdown catch in the Chargers' Week 5 win over the Raiders.","${player_name} rushed ${rush_attempts} times for ${rush_yards} yards, additionally scampering for a ${temp_var_0} yard touchdown catch in the ${team}' week ${week} win over the ${opp}."
Austin Ekeler rushed seven times for 60 yards in Sunday's Week 6 win over the Browns.,${player_name} rushed ${rush_attempts} times for ${rush_yards} yards in Sunday's week ${week} win over the ${opp}.
Austin Ekeler rushed 12 times for 42 yards and caught 5-of-7 passes for 26 yards in the  Chargers' Week 7 win over the Titans.,${player_name} rushed ${rush_attempts} times for ${rush_yards} yards and caught ${reception} of ${week} passes for ${rec_yards} yards in the  Chargers' week ${week} win over the ${opp}.
C.J. Beathard replaced Jimmy Garoppolo (knee) in the 49ers' Week 3 loss to the Chiefs.,${player_name} replaced Jimmy Garoppolo (knee) in the ${team}' week ${week} loss to the ${opp}.
"C.J. Beathard completed 23-of-37 passes for 298 yards, two touchdowns, and two interceptions in the 49ers' Week 4 loss to the Chargers.","${player_name} completed ${pass_completions} of ${pass_attempts} passes for ${pass_yards} yards, ${temp_var_0} touchdowns, and ${temp_var_1} interceptions in the ${team}' week ${week} loss to the ${opp}."
C.J. Beathard completed 34-of-54 passes for 349 yards with two touchdowns and two interceptions while adding two carries for seven yards and another touchdown Sunday in the Niners’ Week 5 loss to the Cardinals.,${player_name} completed ${pass_completions} of ${pass_attempts} passes for ${pass_yards} yards with ${temp_var_0} touchdowns and ${temp_var_1} interceptions while adding ${temp_var_2} carries for ${rush_yards} yards and another touchdown Sunday in the Niners' week ${week} loss to the ${opp}.
"C.J. Beathard completed 16-of-23 passes for 245 yards, two touchdowns, and one interception in the 49ers' 33-30, Week 6 loss to the Packers on Monday night.","${player_name} completed ${pass_completions} of ${pass_attempts} passes for ${pass_yards} yards, ${pass_td} touchdowns, and ${pass_int} interception in the ${team}' 33 30, week ${week} loss to the Packers on Monday night."
"C.J. Beathard completed 15-of-27 passes for 170 yards, one touchdown, and two interceptions in the 49ers' Week 7 loss to the Rams.","${player_name} completed ${pass_completions} of ${pass_attempts} passes for ${pass_yards} yards, ${temp_var_0} touchdown, and ${temp_var_1} interceptions in the 49ers' week ${week} loss to the ${opp}."
Carson Wentz completed 25-of-37 passes for 255 yards with one touchdown and one interception while rushing three times for 10 yards in Sunday's Week 3 win over the Colts.,${player_name} completed ${pass_completions} of ${pass_attempts} passes for ${pass_yards} yards with ${temp_var_0} touchdown and ${temp_var_1} interception while rushing ${temp_var_2} times for ${rush_yards} yards in Sunday's week ${temp_var_3} win over the ${opp}.
"Carson Wentz completed 33-of-50 passes for 348 yards and two touchdowns in the Eagles' Week 4, overtime loss to the Titans.","${player_name} completed ${pass_completions} of ${pass_attempts} passes for ${pass_yards} yards and ${temp_var_0} touchdowns in the ${team}' week ${temp_var_1}, overtime loss to the ${opp}."
"Carson Wentz completed 24-of-35 passes for 311 yards and two touchdowns in the Eagles' 23-21, Week 5 loss to the Vikings, also losing a fumble.","${player_name} completed ${pass_completions} of ${pass_attempts} passes for ${pass_yards} yards and ${pass_td} touchdowns in the ${team}' 23 21, week ${temp_var_0} loss to the ${opp}, also losing a fumble."
"Carson Wentz completed 26-of-36 passes for 278 yards, three touchdowns and zero interceptions in the Eagles' 34-13, Week 6 demolition of the Giants.","${player_name} completed ${pass_completions} of ${pass_attempts} passes for ${pass_yards} yards, ${pass_td} touchdowns and zero interceptions in the ${team}' 34 13, week ${week} demolition of the ${opp}."
Carson Wentz completed 30-of-37 passes for 310 yards and two touchdowns in the Eagles’ Week 7 loss to the Panthers.,${player_name} completed ${pass_completions} of ${pass_attempts} passes for ${pass_yards} yards and ${pass_td} touchdowns in the ${team}' week ${week} loss to the ${opp}.
Nick Foles completed 35-of-48 passes for 334 yards and a touchdown in the Eagles' Week 2 loss at Tampa Bay.,${player_name} completed ${pass_completions} of ${pass_attempts} passes for ${pass_yards} yards and a touchdown in the Eagles' week ${week} loss at ${opp}.
Jamaal Williams rushed 15 times for 47 yards in Sunday night's Week 1 win over Chicago.,${player_name} rushed ${rush_attempts} times for ${rush_yards} yards in Sunday night's week ${week} win over ${opp}.
Jamaal Williams rushed 16 times for 59 yards and hauled in 3-of-4 targets for 12 yards in the Packers' Week 2 tie with the Vikings.,${player_name} rushed ${rush_attempts} times for ${rush_yards} yards and hauled in ${reception} of ${rec_avg} targets for ${rec_yards} yards in the Packers' week ${week} tie with the ${opp}.
"Jamaal Williams rushed five times for 29 yards in the Packers' Week 3 loss to the Redskins, adding two receptions for 16 additional yards.","${player_name} rushed ${rush_attempts} times for ${rush_yards} yards in the Packers' week ${week} loss to the ${opp}, adding ${reception} receptions for ${rec_yards} additional yards."
Jamaal Williams rushed 11 times for 27 yards in the Packers' Week 4 win over the Bills.,${player_name} rushed ${rush_attempts} times for ${rush_yards} yards in the ${team}' week ${week} win over the ${opp}.
Jamaal Williams rushed six times for 33 yards in the Packers' Week 5 loss to the Lions.,${player_name} rushed ${rush_attempts} times for ${rush_yards} yards in the Packers' week ${week} loss to the ${opp}.
Ty Montgomery rushed five times for 31 yards and caught 1-of-2 targets for nine yards in the Packers' Week 2 tie with the Vikings.,${player_name} rushed ${rush_attempts} times for ${rush_yards} yards and caught ${reception} of ${week} targets for ${temp_var_0} yards in the Packers' week ${week} tie with the ${opp}.
"Ty Montgomery caught 6-of-7 targets for 48 yards in the Packers' Week 3 loss to the Redskins, adding four carries for 16 additional yards.","${player_name} caught ${reception} of 7 targets for 48 yards in the Packers' week ${week} loss to the ${opp}, adding ${temp_var_0} carries for ${rush_yards} additional yards."
"Ty Montgomery caught 2-of-3 targets for 56 yards in the Packers' Week 4 win over the Bills, adding five rushes for 18 additional yards.","${player_name} caught ${reception} of 3 targets for ${rec_yards} yards in the Packers' week ${week} win over the ${opp}, adding ${rush_attempts} rushes for ${rush_yards} additional yards."
"Ty Montgomery rushed four times for 15 yards in the Packers' Week 5 loss to the Lions, adding a 23-yard catch on three targets.","${player_name} rushed ${rush_attempts} times for ${rush_yards} yards in the Packers' week ${week} loss to the ${opp}, adding a ${temp_var_0} yard catch on 3 targets."
"Making his 2018 debut, Aaron Jones rushed six times for 42 yards in the Packers' Week 3 loss to the Redskins, adding a five-yard reception.","Making his 2018 debut, ${player_name} rushed ${rush_attempts} times for ${rush_yards} yards in the ${team}' week ${week} loss to the ${opp}, adding a ${temp_var_0} yard reception."
"Aaron Jones rushed 11 times for 65 yards and a touchdown in the Packers' Week 4 win over the Bills, adding a 17-yard reception.","${player_name} rushed ${rush_attempts} times for ${rush_yards} yards and a touchdown in the ${team}' week ${week} win over the ${opp}, adding a ${temp_var_0} yard reception."
Aaron Jones rushed seven times for 40 yards in the Packers' Week 5 loss to the Lions.,${player_name} rushed ${rush_attempts} times for ${rush_yards} yards in the Packers' week ${week} loss to the ${opp}.
Drew Brees completed 37-of-45 passes for 439 yards with three touchdowns and no interceptions Sunday in the Saints’ Week 1 loss to Tampa Bay.,${player_name} completed ${pass_completions} of ${pass_attempts} passes for ${pass_yards} yards with ${pass_td} touchdowns and no interceptions Sunday in the ${team}' week ${week} loss to ${opp}.
Drew Brees completed 28-of-35 passes for 243 yards and two touchdowns in Sunday's Week 2 win over the Browns.,${player_name} completed ${pass_completions} of ${pass_attempts} passes for ${pass_yards} yards and ${temp_var_0} touchdowns in Sunday's week ${temp_var_1} win over the ${opp}.
Drew Brees completed 39-of-49 passes for 396 yards and three touchdowns while also adding three carries for seven yards and another two touchdowns Sunday in New Orleans’ Week 3 win over the Falcons.,${player_name} completed ${pass_completions} of ${pass_attempts} passes for ${pass_yards} yards and ${temp_var_0} touchdowns while also adding ${temp_var_1} carries for ${rush_yards} yards and another ${rush_td} touchdowns Sunday in New Orleans' week ${temp_var_2} win over the ${opp}.
Drew Brees completed 18-of-32 passes for 217 yards and no touchdowns in the Saints' Week 4 win over the Giants.,${player_name} completed ${pass_completions} of ${pass_attempts} passes for ${pass_yards} yards and no touchdowns in the ${team}' week ${temp_var_0} win over the ${opp}.
"Drew Brees completed 26-of-29 passes for 363 yards and three touchdowns in the Saints' 43-19, Week 5 blowout win over the Redskins on Monday night.","${player_name} completed ${pass_completions} of ${pass_attempts} passes for ${pass_yards} yards and ${pass_td} touchdowns in the ${team}' 43 19, week ${week} blowout win over the ${opp} on Monday night."
"Drew Brees completed 22-of-30 passes for 212 yards and two touchdowns in the Saints' 24-23, Week 7 win over the Ravens.","${player_name} completed ${pass_completions} of ${pass_attempts} passes for ${pass_yards} yards and ${pass_td} touchdowns in the Saints' 24 23, week ${week} win over the ${opp}."
Alvin Kamara rushed eight times for 29 yards and two touchdowns while also nabbing nine catches for 112 yards and another touchdown on 12 targets Sunday in the Saints’ Week 1 loss to the Buccaneers.,${player_name} rushed ${rush_attempts} times for ${rush_yards} yards and ${rush_td} touchdowns while also nabbing ${reception} catches for ${rec_yards} yards and another touchdown on 12 targets Sunday in the ${team}' week ${temp_var_0} loss to the ${opp}.
Alvin Kamara rushed 13 times for 46 yards and caught all six of his targets for 53 yards in Sunday's Week 2 win over the Browns.,${player_name} rushed ${rush_attempts} times for ${rush_yards} yards and caught all ${reception} of his targets for ${rec_yards} yards in Sunday's week ${week} win over the ${opp}.
Alvin Kamara totaled 66 yards on 16 carries while corralling 15-of-20 targets for an additional 124 yards Sunday in the Saints’ Week 3 victory over the Falcons.,${player_name} totaled ${rush_yards} yards on ${temp_var_0} carries while corralling ${reception} of 20 targets for an additional ${rec_yards} yards Sunday in the ${team}' week ${week} victory over the ${opp}.
"Alvin Kamara rushed 19 times for 134 yards and three touchdowns in the Saints' 33-18, Week 4 win over the Giants.","${player_name} rushed ${rush_attempts} times for ${rush_yards} yards and ${rush_td} touchdowns in the ${team}' 33 18, week ${week} win over the ${opp}."
Alvin Kamara rushed just six times for 24 yards and caught 3-of-4 targets for 15 yards in the Saints' Week 5 win over the Redskins.,${player_name} rushed just ${rush_attempts} times for ${rush_yards} yards and caught ${reception} of ${rush_avg} targets for ${rec_yards} yards in the ${team}' week ${temp_var_0} win over the ${opp}.
"Alvin Kamara rushed 17 times for 64 yards and a touchdown in the Saints' Week 7 win over the Ravens, adding two catches for 11 additional yards.","${player_name} rushed ${rush_attempts} times for ${rush_yards} yards and a touchdown in the ${team}' week ${week} win over the ${opp}, adding ${reception} catches for ${rec_yards} additional yards."
Browns QB Tyrod Taylor completed 15-of-40 passes for 197 yards with one touchdown and one interception in Sunday's Week 1 game versus the Steelers.,${team} ${player_position} ${player_name} completed ${pass_completions} of ${pass_attempts} passes for ${pass_yards} yards with ${temp_var_0} touchdown and ${temp_var_1} interception in Sunday's week ${temp_var_2} game versus the ${opp}.
Tyrod Taylor completed 22-of-30 passes for 246 yards with one touchdown and one interception in Sunday's Week 2 loss versus the Saints.,${player_name} completed ${pass_completions} of ${pass_attempts} passes for ${pass_yards} yards with ${temp_var_0} touchdown and ${temp_var_1} interception in Sunday's week ${week} loss versus the ${opp}.
Tyrod Taylor completed 4-of-14 passes for 19 yards in the Browns' Week 3 game against the Jets before leaving with a potential concussion.,${player_name} completed ${temp_var_0} of ${pass_attempts} passes for ${pass_yards} yards in the ${team}' week ${week} game against the ${opp} before leaving with a potential concussion.
Tyrod Taylor has been diagnosed with a concussion and is week to week.,${player_name} has been diagnosed with a concussion and is week to week.
Nick Chubb rushed three times for 105 yards and two touchdowns in the Browns' Week 4 loss to the Raiders.,${player_name} rushed ${rush_attempts} times for ${rush_yards} yards and ${rush_td} touchdowns in the ${team}' week ${week} loss to the ${opp}.
Nick Chubb rushed three times for two yards in Sunday's Week 5 win over the Ravens.,${player_name} rushed ${rush_attempts} times for ${rush_yards} yards in Sunday's week ${week} win over the ${opp}.
Nick Chubb rushed three times for 25 yards in Sunday's Week 6 loss to the Chargers.,${player_name} rushed ${rush_attempts} times for ${rush_yards} yards in Sunday's week ${week} loss to the ${opp}.
Nick Chubb rushed 18 times for 80 yards and a touchdown in Sunday's Week 7 loss to the Buccaneers.,${player_name} rushed ${rush_attempts} times for ${rush_yards} yards and a touchdown in Sunday's week ${week} loss to the ${opp}.
Browns RB Duke Johnson rushed five times for 17 yards and caught 1-of-6 targets for eight yards in Sunday's Week 1 game versus the Steelers.,${team} ${player_position} ${player_name} rushed ${rush_attempts} times for ${rush_yards} yards and caught ${temp_var_0} of 6 targets for ${temp_var_1} yards in Sunday's week ${temp_var_2} game versus the ${opp}.
Duke Johnson rushed three times for three yards and caught two passes for seven yards in Sunday's Week 2 loss to the Saints.,${player_name} rushed ${temp_var_0} times for ${temp_var_1} yards and caught ${temp_var_2} passes for ${rec_yards} yards in Sunday's week ${temp_var_3} loss to the ${opp}.
Duke Johnson rushed twice for 11 yards and caught 4-of-6 targets for 45 yards in the Browns' Week 4 loss to Oakland.,${player_name} rushed twice for ${rush_yards} yards and caught ${temp_var_0} of 6 targets for ${rec_yards} yards in the ${team}' week ${temp_var_1} loss to ${opp}.
Duke Johnson rushed five times for 35 yards while catching one pass for seven yards in Sunday's Week 5 win over the Ravens.,${player_name} rushed ${temp_var_0} times for ${rush_yards} yards while catching ${reception} pass for ${temp_var_1} yards in Sunday's week ${temp_var_2} win over the ${opp}.
Duke Johnson rushed twice for 36 yards while catching 4-of-5 targets for 73 yards in Sunday's Week 6 loss to the Chargers.,${player_name} rushed twice for ${rush_yards} yards while catching ${reception} of 5 targets for ${rec_yards} yards in Sunday's week ${week} loss to the ${opp}.
Duke Johnson is listed as the starter for Week 7 against the Bucs.,${player_name} is listed as the starter for week ${week} against the ${opp}.
Duke Johnson rushed one time for -4 yards while catching all four of his targets for 23 yards in the Week 7 loss to the Buccaneers.,${player_name} rushed ${rush_attempts} time for ${temp_var_0} yards while catching all ${reception} of his targets for ${rec_yards} yards in the week ${week} loss to the ${opp}.
Keenan Allen caught 8-of-11 targets for 108 yards and a touchdown in the Chargers' Week 1 loss to the Chiefs.,${player_name} caught ${reception} of 11 targets for ${rec_yards} yards and a touchdown in the ${team}' week ${temp_var_0} loss to the ${opp}.
Keenan Allen caught 6-of-8 passes for 67 yards in the Chargers' Week 2 win over Buffalo.,${player_name} caught ${reception} of 8 passes for ${rec_yards} yards in the ${team}' week ${week} win over ${opp}.
Keenan Allen caught 3-of-7 targets for 44 yards in the Chargers' Week 3 loss to the Rams.,${player_name} caught ${temp_var_0} of 7 targets for ${rec_yards} yards in the ${team}' week ${temp_var_1} loss to the ${opp}.
"Chargers declare LB Kyzir White, C Cole Toner, T Joe Barksdale, G Forrest Lamp, WR JJ Jones, DT T.Y. McGill, and DE Joey Bosa inactive for Week 4's game against the 49ers.","${team} declare LB Kyzir White, C Cole Toner, T Joe Barksdale, G Forrest Lamp, ${player_position} JJ Jones, DT T.Y. McGill, and DE Joey Bosa inactive for week ${week}'s game against the ${opp}."
Keenan Allen caught 7-of-10 targets for 63 scoreless yards in the Chargers' Week 4 win over the 49ers.,${player_name} caught ${reception} of 10 targets for ${rec_yards} scoreless yards in the ${team}' week ${week} win over the ${opp}.
Keenan Allen vacuumed 8-of-9 targets for 90 yards in the Chargers' Week 5 rout over the Raiders.,${player_name} vacuumed ${reception} of 9 targets for ${rec_yards} yards in the ${team}' week ${temp_var_0} rout over the ${opp}.
Keenan Allen caught 4-of-6 targets for 62 yards while rushing four times for 41 yards in Sunday's Week 6 win over the Browns.,${player_name} caught ${temp_var_0} of ${week} targets for ${rec_yards} yards while rushing ${temp_var_1} times for ${rush_yards} yards in Sunday's week ${week} win over the ${opp}.
Keenan Allen caught five passes for 72 yards in the Chargers' Week 7 win over the Titans.,${player_name} caught ${reception} passes for ${rec_yards} yards in the Chargers' week ${week} win over the ${opp}.
"Travis Benjamin (questionable, foot) is expected to play Week 4 against the 49ers.","${player_name} (questionable, foot) is expected to play week ${week} against the ${opp}."
Travis Benjamin (foot) is questionable to return in the Chargers' Week 4 game against the 49ers.,${player_name} (foot) is questionable to return in the ${team}' week ${week} game against the ${opp}.
Travis Benjamin (foot) has been ruled for the remainder of the Chargers' Week 4 game against the 49ers.,${player_name} (foot) has been ruled for the remainder of the ${team}' week ${week} game against the ${opp}.
Travis Benjamin (foot) is active for Week 7 against the Titans.,${player_name} (foot) is active for week ${week} against the ${opp}.
Tyrell Williams caught 2-of-5 targets for eight yards and a touchdown in the Chargers' Week 1 loss to the Chiefs.,${player_name} caught ${reception} of 5 targets for ${rec_yards} yards and a touchdown in the ${team}' week ${temp_var_0} loss to the ${opp}.
Tyrell Williams caught three passes for 48 yards in Week 2 against Buffalo.,${player_name} caught ${reception} passes for ${rec_yards} yards in week ${week} against ${opp}.
Tyrell Williams caught two passes for 22 yards in the Chargers' Week 3 loss to the Rams.,${player_name} caught ${reception} passes for ${rec_yards} yards in the ${team}' week ${week} loss to the ${opp}.
Tyrell Williams caught 3-of-5 targets for 48 scoreless yards in the Chargers' Week 4 win over the 49ers.,${player_name} caught ${reception} of 5 targets for ${rec_yards} scoreless yards in the ${team}' week ${week} win over the ${opp}.
Tyrell Williams hauled in all three of his targets for 66 yards in the Chargers' Week 5 victory over the Raiders.,${player_name} hauled in all ${reception} of his targets for ${rec_yards} yards in the ${team}' week ${week} victory over the ${opp}.
Tyrell Williams caught 3-of-4 targets for 118 yards and two touchdowns in Sunday's Week 6 win over the Browns.,${player_name} caught ${reception} of 4 targets for ${rec_yards} yards and ${rec_td} touchdowns in Sunday's week ${week} win over the ${opp}.
Tyrell Williams caught four passes for 118 yards and a touchdown in Week 7 against the Titans.,${player_name} caught ${reception} passes for ${rec_yards} yards and a touchdown in week ${week} against the ${opp}.
Mike Williams caught 5-of-6 targets for 81 yards in the Chargers' Week 1 loss to the Chiefs.,${player_name} caught ${reception} of 6 targets for ${rec_yards} yards in the ${team}' week ${week} loss to the ${opp}.
Mike Williams caught two passes for 27 yards and a touchdown Week 2 against Buffalo.,${player_name} caught ${temp_var_0} passes for ${rec_yards} yards and a touchdown week ${temp_var_1} against ${opp}.
Mike Williams caught 4-of-7 targets for 81 yards and two touchdowns in the Chargers' Week 3 loss to the Rams.,${player_name} caught ${reception} of 7 targets for ${rec_yards} yards and ${rec_td} touchdowns in the ${team}' week ${week} loss to the ${opp}.
Mike Williams caught 1-of-3 targets for 15 scoreless yards in the Chargers' Week 4 win over the 49ers.,${player_name} caught ${reception} of 3 targets for ${temp_var_0} scoreless yards in the ${team}' week ${week} win over the ${opp}.
Mike Williams caught 3-of-4 targets for 45 yards in the Chargers' Week 5 win over the Raiders.,${player_name} caught ${temp_var_0} of 4 targets for ${rec_yards} yards in the ${team}' week ${week} win over the ${opp}.
Mike Williams caught 1-of-4 targets for four yards in Sunday's Week 6 win over the Browns.,${player_name} caught ${temp_var_0} of ${temp_var_1} targets for ${temp_var_2} yards in Sunday's week ${week} win over the ${opp}.
Mike Williams caught a 55-yard touchdown in Week 7 against the Titans.,${player_name} caught a ${temp_var_0} yard touchdown in week ${week} against the ${opp}.
"Blake Bortles completed 18-of-33 passes for 176 yards, a touchdown, and an interception in the Jaguars' Week 1 win over the Giants.","${player_name} completed ${pass_completions} of ${pass_attempts} passes for ${pass_yards} yards, a touchdown, and an interception in the ${team}' week ${temp_var_0} win over the ${opp}."
"Blake Bortles completed 29-of-45 passes for 377 yards, four touchdowns and an interception in the Jaguars' 31-20, Week 2 win over the Patriots, adding five rushes for 25 additional yards.","${player_name} completed ${pass_completions} of ${pass_attempts} passes for 377 yards, ${pass_td} touchdowns and an interception in the ${team}' 31 20, week ${week} win over the ${opp}, adding 5 rushes for 25 additional yards."
Blake Bortles went 20-of-33 passing for 158 yards and rushed five times for 27 yards in the Jaguars' Week 3 loss to the Titans.,${player_name} went 20 of 33 passing for 158 yards and rushed ${rush_attempts} times for ${rush_yards} yards in the ${team}' week ${week} loss to the ${opp}.
Blake Bortles completed 29-of-38 passes for 388 yards with two touchdowns and an interception in Week 4 against the Jets.,${player_name} completed ${pass_completions} of ${pass_attempts} passes for ${pass_yards} yards with ${pass_td} touchdowns and an interception in week ${week} against the ${opp}.
"Blake Bortles completed 33-of-61 passes for 430 yards, a touchdown, and four interceptions in the Jaguars' Week 5 loss to the Chiefs, adding four carries for 34 yards and a touchdown.","${player_name} completed ${pass_completions} of ${pass_attempts} passes for ${pass_yards} yards, a touchdown, and ${temp_var_0} interceptions in the ${team}' week ${week} loss to the ${opp}, adding ${temp_var_1} carries for ${rush_yards} yards and a touchdown."
Blake Bortles completed 15-of-26 passes for 149 yards with one touchdown and one interception while adding 22 yards on four carries Sunday in the Jaguars’ Week 6 loss to Dallas.,${player_name} completed ${pass_completions} of ${pass_attempts} passes for ${pass_yards} yards with ${temp_var_0} touchdown and ${temp_var_1} interception while adding ${rush_yards} yards on ${rush_attempts} carries Sunday in the ${team}' week ${week} loss to ${opp}.
ESPN's Adam Schefter reports the Jaguars have no plans to acquire a quarterback at next week's trade deadline.,ESPN's Adam Schefter reports the ${team} have no plans to acquire a quarterback at next week's trade deadline.
"Losing 20-0, the Jaguars benched Blake Bortles for Cody Kessler in the second half of Sunday's Week 7 game against the Texans.","Losing 20 ${temp_var_0}, the ${team} benched ${player_name} for Cody Kessler in the second half of Sunday's week ${week} game against the ${opp}."
"Cody Kessler completed 21-of-30 passes for 156 yards, one touchdown, and one interception in the Jaguars' Week 7 loss to the Texans.","${player_name} completed ${pass_completions} of ${pass_attempts} passes for ${pass_yards} yards, ${temp_var_0} touchdown, and ${temp_var_1} interception in the ${team}' week ${week} loss to the ${opp}."
Browns RB Carlos Hyde rushed 22 times for 62 yards and a touchdown in Sunday's Week 1 game versus the Steelers.,Browns ${player_position} ${player_name} rushed ${rush_attempts} times for ${rush_yards} yards and a touchdown in Sunday's week ${temp_var_0} game versus the ${opp}.
Carlos Hyde rushed 16 times for 43 yards and touchdown in Sunday's Week 2 loss to the Saints.,${player_name} rushed ${rush_attempts} times for ${rush_yards} yards and touchdown in Sunday's week ${week} loss to the ${opp}.
NFL Network's Omar Ruiz reports Carlos Hyde is awaiting the birth of his child on Thursday evening but is expected to make it to FirstEnergy Stadium just before kickoff.,NFL Network's Omar Ruiz reports ${player_name} is awaiting the birth of his child on Thursday evening but is expected to make it to FirstEnergy Stadium just before kickoff.
Carlos Hyde rushed 23 times for 98 yards and two touchdowns in the Browns' Week 3 win over the Jets.,${player_name} rushed ${rush_attempts} times for ${rush_yards} yards and ${temp_var_0} touchdowns in the Browns' week ${week} win over the ${opp}.
Carlos Hyde rushed 22 times for 82 yards and a touchdown in the Browns' Week 4 loss to the Raiders.,${player_name} rushed ${rush_attempts} times for ${rush_yards} yards and a touchdown in the Browns' week ${week} loss to the ${opp}.
Carlos Hyde rushed 17 times for 63 yards while catching 2-of-3 targets for 14 yards in Sunday's Week 5 win over the Ravens.,${player_name} rushed ${rush_attempts} times for ${rush_yards} yards while catching ${reception} of 3 targets for ${rec_yards} yards in Sunday's week ${week} win over the ${opp}.
Carlos Hyde rushed 14 times for 34 yards in Sunday's Week 6 loss to the Chargers.,${player_name} rushed ${rush_attempts} times for ${rush_yards} yards in Sunday's week ${week} loss to the ${opp}.
"Jimmy Garoppolo completed just 15-of-33 passes for 261 yards, one touchdown, and three interceptions in the 49ers' 24-16, Week 1 loss to the Vikings.","${player_name} completed just ${pass_completions} of ${pass_attempts} passes for ${pass_yards} yards, ${temp_var_0} touchdown, and ${temp_var_1} interceptions in the ${team}' 24 16, week ${temp_var_2} loss to the ${opp}."
Jimmy Garoppolo completed 18-of-26 passes for 206 yards and two touchdowns while contributing four yards on three carries Sunday in the 49ers’ Week 2 win over the Lions.,${player_name} completed ${pass_completions} of ${pass_attempts} passes for ${pass_yards} yards and ${temp_var_0} touchdowns while contributing ${rush_yards} yards on ${rush_attempts} carries Sunday in the ${team}' week ${temp_var_1} win over the ${opp}.
Jimmy Garoppolo was carted to the locker room with a knee injury late in the fourth quarter Week 3 against the Chiefs.,${player_name} was carted to the locker room with a knee injury late in the fourth quarter week ${temp_var_0} against the ${opp}.
"49ers coach Kyle Shanahan said the team is ""fearing"" an ACL tear for Jimmy Garoppolo.","${team} coach Kyle Shanahan said the team is ""fearing"" an ACL tear for ${player_name}."
"NFL Network's Tom Pelissero reports Matt Breida (ankle) is ""pushing to play"" Monday night against the Packers.","NFL Network's Tom Pelissero reports ${player_name} (ankle) is ""pushing to play"" Monday night against the ${opp}."
ESPN's Adam Schefter reports Matt Breida (ankle) is expected to play Monday night against the Packers.,ESPN's Adam Schefter reports ${player_name} (ankle) is expected to play Monday night against the ${opp}.
"Matt Breida (ankle, shoulder) is active Week 6 against the Packers.","${player_name} (ankle, shoulder) is active week ${week} against the ${opp}."
Matt Breida rushed five times for 15 yards in the 49ers' Week 7 loss to the Rams.,${player_name} rushed ${rush_attempts} times for ${rush_yards} yards in the ${team}' week ${week} loss to the ${opp}.
Alfred Morris rushed 12 times for 38 yards in the 49ers' Week 1 loss to the Vikings.,${player_name} rushed ${rush_attempts} times for ${rush_yards} yards in the ${team}' week ${temp_var_0} loss to the ${opp}.
Alfred Morris soaked up 48 yards on 14 carries while nabbing both of his targets for 32 yards Sunday in the 49ers’ Week 2 victory over the Lions.,${player_name} soaked up ${rush_yards} yards on ${rush_attempts} carries while nabbing both of his targets for ${rec_yards} yards Sunday in the ${team}' week ${temp_var_0} victory over the ${opp}.
Alfred Morris rushed 14 times for 67 yards and a touchdown in the 49ers' Week 3 loss to the Chiefs.,${player_name} rushed ${rush_attempts} times for ${rush_yards} yards and a touchdown in the ${team}' week ${week} loss to the ${opp}.
ESPN's Adam Schefter reports Alfred Morris (knee) is expected to play Week 4 against the Chargers.,ESPN's Adam Schefter reports ${player_name} (knee) is expected to play week ${temp_var_0} against the ${opp}.
Alfred Morris (knee) is officially active for Week 4's game against the Chargers.,${player_name} (knee) is officially active for week ${temp_var_0}'s game against the ${opp}.
Alfred Morris rushed four times for 14 scoreless yards in the 49ers' Week 4 loss to the Chargers.,${player_name} rushed ${temp_var_0} times for ${rush_yards} scoreless yards in the ${team}' week ${temp_var_1} loss to the ${opp}.
Alfred Morris went for 61 yards on 18 carries while also securing three-of-five targets for 30 yards Sunday in the 49ers’ Week 5 loss to Arizona.,${player_name} went for ${rush_yards} yards on ${rush_attempts} carries while also securing ${reception} of ${week} targets for ${rec_yards} yards Sunday in the ${team}' week ${week} loss to ${opp}.
Alfred Morris didn't touch the ball in the 49ers' Week 6 loss to the Packers on Monday night.,${player_name} didn't touch the ball in the ${team}' week ${week} loss to the ${opp} on Monday night.
Alfred Morris rushed nine times for 25 yards in the 49ers' Week 7 loss to the Rams.,${player_name} rushed ${rush_attempts} times for ${rush_yards} yards in the 49ers' week ${week} loss to the ${opp}.
Kyle Juszczyk nabbed six catches for 75 yards on seven targets while adding one rush for 12 yards Sunday in San Francisco’s Week 5 loss to the Cardinals.,${player_name} nabbed ${reception} catches for ${rec_yards} yards on 7 targets while adding ${rush_attempts} rush for ${temp_var_0} yards Sunday in San Francisco's week ${week} loss to the ${opp}.
Corey Clement rushed 16 times for 56 yards while catching 3-of-4 targets for 19 yards in Sunday's Week 3 win over the Colts.,${player_name} rushed ${rush_attempts} times for ${rush_yards} yards while catching ${temp_var_0} of ${punt_ret_yards} targets for ${rec_yards} yards in Sunday's week ${temp_var_1} win over the ${opp}.
NJ Advance Media's Zack Rosenblatt expects Corey Clement to lead the Eagles' backfield Thursday night against the Giants.,NJ Advance Media's Zack Rosenblatt expects ${player_name} to lead the ${team}' backfield Thursday night against the ${opp}.
Corey Clement rushed eight times for six yards and caught 2-of-2 targets for 16 yards in the Eagles’ Week 7 loss to the Panthers.,${player_name} rushed ${temp_var_0} times for ${rush_yards} yards and caught ${reception} of ${reception} targets for ${rec_yards} yards in the Eagles' week ${week} loss to the ${opp}.
Wendell Smallwood rushed seven times for 28 yards and caught his lone target for a gain of two in the Eagles' Week 2 loss to Tampa Bay.,${player_name} rushed ${rush_attempts} times for ${rush_yards} yards and caught his lone target for a gain of ${temp_var_0} in the ${team}' week ${temp_var_1} loss to ${opp}.
Wendell Smallwood rushed 10 times for 56 yards and a touchdown while catching 3-of-5 targets for 35 yards in Sunday's Week 4 win over the Colts.,${player_name} rushed ${rush_attempts} times for ${rush_yards} yards and a touchdown while catching ${temp_var_0} of 5 targets for ${rec_yards} yards in Sunday's week 4 win over the ${opp}.
Wendell Smallwood rushed five times for 39 yards and hauled in 3-of-5 targets for 15 yards in the Eagles' Week 4 loss to the Titans.,${player_name} rushed ${temp_var_0} times for ${rush_yards} yards and hauled in ${reception} of ${temp_var_1} targets for ${rec_yards} yards in the ${team}' week ${week} loss to the ${opp}.
"Wendell Smallwood rushed three times for 27 yards in the Eagles' Week 5 loss to the Vikings, adding three catches for 44 additional yards and a touchdown.","${player_name} rushed ${temp_var_0} times for ${rush_yards} yards in the ${team}' week ${week} loss to the ${opp}, adding ${temp_var_1} catches for ${rec_yards} additional yards and a touchdown."
Wendell Smallwood rushed nine times for 32 yards and caught 2-of-2 targets for five yards in the Eagles’ Week 7 loss to the Panthers.,${player_name} rushed ${rush_attempts} times for ${rush_yards} yards and caught ${reception} of ${reception} targets for ${rec_yards} yards in the Eagles' week ${week} loss to the ${opp}.
Jay Ajayi rushed 15 times for 70 yards and hauled in 3-of-4 targets for 11 yards in the Eagles' Week 4 loss to the Titans.,${player_name} rushed ${rush_attempts} times for ${rush_yards} yards and hauled in ${reception} of ${week} targets for ${rec_yards} yards in the ${team}' week ${week} loss to the ${opp}.
"Jay Ajayi rushed eight times for 29 yards in the Eagles' Week 5 loss to the Vikings, adding a five-yard reception.","${player_name} rushed ${rush_attempts} times for ${rush_yards} yards in the ${team}' week ${temp_var_0} loss to the ${opp}, adding a ${temp_var_1} yard reception."
"Davante Adams (questionable, shoulder) is expected to play Week 2 against the Vikings.","${player_name} (questionable, shoulder) is expected to play week ${week} against the ${opp}."
Davante Adams (shoulder) is active for Week 2 against the Vikings.,${player_name} (shoulder) is active for week ${week} against the ${opp}.
Davante Adams hauled in 8-of-12 targets for 64 yards and a touchdown in the Packers' Week 2 tie with the Vikings.,${player_name} hauled in ${temp_var_0} of 12 targets for ${rec_yards} yards and a touchdown in the Packers' week ${week} tie with the ${opp}.
Davante Adams caught 7-of-9 targets for 52 yards and a touchdown in the Packers' Week 3 loss to the Redskins.,${player_name} caught ${reception} of 9 targets for ${rec_yards} yards and a touchdown in the ${team}' week ${week} loss to the ${opp}.
Davante Adams caught 8-of-14 targets for 81 yards in the Packers' Week 4 win over the Bills.,${player_name} caught ${reception} of 14 targets for ${rec_yards} yards in the Packers' week ${week} win over the ${opp}.
Davante Adams (calf) is active for Week 5 against the Lions.,${player_name} (calf) is active for week ${week} against the ${opp}.
"Davante Adams caught 9-of-12 targets for 140 yards and one touchdown in the Packers' 31-23, Week 5 loss to the Lions.","${player_name} caught ${reception} of 12 targets for ${rec_yards} yards and ${rec_td} touchdown in the ${team}' 31 23, week ${week} loss to the ${opp}."
"Davante Adams caught 10-of-16 targets for 132 yards and two touchdowns in the Packers' come-from-behind 33-30, Week 6 win over the 49ers.","${player_name} caught ${reception} of 16 targets for ${rec_yards} yards and ${rec_td} touchdowns in the Packers' come-from-behind 33 30, week ${week} win over the ${opp}."
Marquez Valdes-Scantling will start in Week 4 against Buffalo.,${player_name} will start in week ${week} against ${opp}.
Marquez Valdes-Scantling caught 7-of-10 targets for 68 yards and one touchdown in the Packers' Week 5 loss to the Lions.,${player_name} caught ${reception} of 10 targets for ${rec_yards} yards and ${rec_td} touchdown in the Packers' week ${week} loss to the ${opp}.
Equanimeous St. Brown caught 3-of-5 targets for 89 yards in the Packers' Week 5 loss to the Lions.,${player_name} caught ${reception} of ${week} targets for ${rec_yards} yards in the Packers' week ${week} loss to the ${opp}.
"Mark Ingram rushed 16 times for 53 yards and two touchdowns in the Saints' 43-19, Week 5 rout of the Redskins on Monday night.","${player_name} rushed ${rush_attempts} times for ${rush_yards} yards and ${temp_var_0} touchdowns in the ${team}' 43 19, week ${week} rout of the ${opp} on Monday night."
"Mark Ingram rushed 12 times for 32 scoreless yards in the Saints' Week 7 win over the Ravens, adding two catches for 10 additional yards.","${player_name} rushed ${rush_attempts} times for ${rush_yards} scoreless yards in the Saints' week ${week} win over the ${opp}, adding ${reception} catches for ${rec_yards} additional yards."
Jarvis Landry caught 5-of-7 targets for 69 yards in Sunday's Week 2 loss to the Saints.,${player_name} caught ${reception} of 7 targets for ${rec_yards} yards in Sunday's week ${week} loss to the ${opp}.
ESPN's Dianna Russini reports Jarvis Landry (knee) is expected to play Thursday night against the Jets.,ESPN's Dianna Russini reports ${player_name} (knee) is expected to play Thursday night against the ${opp}.
Jarvis Landry (knee) is active for Week 3 against the Jets.,${player_name} (knee) is active for week ${week} against the ${opp}.
Jarvis Landry caught 8-of-15 targets for 103 yards in the Browns' Week 3 win over the Jets.,${player_name} caught ${reception} of 15 targets for ${rec_yards} yards in the Browns' week 3 win over the ${opp}.
Jarvis Landry caught 4-of-10 targets for 34 yards and a touchdown in the Browns' Week 4 loss to Oakland.,${player_name} caught ${temp_var_0} of 10 targets for ${rec_yards} yards and a touchdown in the ${team}' week ${temp_var_1} loss to ${opp}.
Jarvis Landry caught 5-of-10 targets for 69 yards in Sunday's Week 5 win over the Ravens.,${player_name} caught ${temp_var_0} of 10 targets for ${rec_yards} yards in Sunday's week ${temp_var_1} win over the ${opp}.
Jarvis Landry caught 2-of-9 targets for 11 yards in Sunday's Week 6 loss to the Chargers.,${player_name} caught ${reception} of 9 targets for ${rec_yards} yards in Sunday's week ${week} loss to the ${opp}.
Jarvis Landry caught 10-of-15 targets for 97 yards and a touchdown in Sunday's Week 7 loss to the Buccaneers.,${player_name} caught ${reception} of 15 targets for ${rec_yards} yards and a touchdown in Sunday's week ${week} loss to the ${opp}.
Antonio Callaway is starting Week 2 against the Saints.,${player_name} is starting week ${temp_var_0} against the ${opp}.
Antonio Callaway caught 3-of-4 targets for 81 yards and a touchdown in Sunday's Week 2 loss to the Saints.,${player_name} caught ${reception} of 4 targets for ${rec_yards} yards and a touchdown in Sunday's week ${temp_var_0} loss to the ${opp}.
Antonio Callaway caught 4-of-10 targets for 20 yards in the Browns' Week 3 win over the Jets.,${player_name} caught ${reception} of 10 targets for ${rec_yards} yards in the ${team}' week ${week} win over the ${opp}.
Antonio Callaway caught 3-of-9 targets for 54 yards in the Browns' Week 4 loss to the Raiders.,${player_name} caught ${reception} of ${punt_ret_yards} targets for ${rec_yards} yards in the ${team}' week ${week} loss to the ${opp}.
Antonio Callaway caught 3-of-5 targets for 22 yards in Sunday's Week 5 win over the Ravens.,${player_name} caught ${reception} of ${week} targets for ${rec_yards} yards in Sunday's week ${week} win over the ${opp}.
Antonio Callaway caught 2-of-10 targets for nine yards in Sunday's Week 6 loss to the Chargers.,${player_name} caught ${reception} of 10 targets for ${rec_yards} yards in Sunday's week ${week} loss to the ${opp}.
Antonio Callaway caught 1-of-2 targets for 14 yards in Sunday's Week 7 loss to the Buccaneers.,${player_name} caught ${reception} of 2 targets for ${temp_var_0} yards in Sunday's week ${week} loss to the ${opp}.
Damion Ratley caught 6-of-8 targets for 82 yards in Sunday's Week 6 loss to the Chargers.,${player_name} caught ${temp_var_0} of 8 targets for ${rec_yards} yards in Sunday's week ${temp_var_1} loss to the ${opp}.
Breshad Perriman is active for Week 7 against the Bucs.,${player_name} is active for week ${week} against the ${opp}.
Antonio Gates caught 2-of-3 passes for 16 yards in the Chargers' Week 1 loss to the Chiefs.,${player_name} caught ${reception} of 3 passes for ${rec_yards} yards in the ${team}' week ${week} loss to the ${opp}.
Antonio Gates was held without a catch in Week 2 against Buffalo.,${player_name} was held without a catch in week ${week} against ${opp}.
"Antonio Gates (questionable, illness) is expected to play Week 3 against the Rams.","${player_name} (questionable, illness) is expected to play week ${temp_var_0} against the ${opp}."
Antonio Gates (illness) is officially active for Week 3 against the Rams.,${player_name} (illness) is officially active for week ${temp_var_0} against the ${opp}.
Antonio Gates caught 3-of-5 targets for 45 yards in the Chargers' Week 3 loss to the Rams.,${player_name} caught ${temp_var_0} of 5 targets for ${rec_yards} yards in the ${team}' week ${temp_var_1} loss to the ${opp}.
Antonio Gates caught 2-of-5 targets for 26 yards and a touchdown in the Chargers' Week 4 win over the 49ers.,${player_name} caught ${reception} of 5 targets for 26 yards and a touchdown in the ${team}' week ${week} win over the ${opp}.
Antonio Gates caught both of his targets for 19 yards in the Chargers' Week 5 win over the Raiders.,${player_name} caught both of his targets for ${rec_yards} yards in the Chargers' week ${week} win over the ${opp}.
"T.J. Yeldon (questionable, ankle) is expected to play Week 3 against the Titans.","${player_name} (questionable, ankle) is expected to play week ${week} against the ${opp}."
T.J. Yeldon rushed seven times for 44 yards and caught 6-of-7 targets for 46 yards in the Jaguars' Week 3 loss to Tennessee.,${player_name} rushed ${rush_attempts} times for ${rush_yards} yards and caught ${reception} of ${rush_attempts} targets for ${rec_yards} yards in the ${team}' week ${week} loss to ${opp}.
T.J. Yeldon had 18 carries for 52 yards and a touchdown and caught three passes for 48 yards and a receiving touchdown in Week 4 against the Jets.,${player_name} had ${rush_attempts} carries for ${rush_yards} yards and a touchdown and caught ${reception} passes for ${rec_yards} yards and a receiving touchdown in week ${week} against the ${opp}.
T.J. Yeldon rushed 10 times for 53 yards and hauled in 8-of-10 targets for 69 yards and a touchdown in the Jaguars' Week 5 loss to the Chiefs.,${player_name} rushed ${rush_attempts} times for ${rush_yards} yards and hauled in ${reception} of ${rush_attempts} targets for ${rec_yards} yards and a touchdown in the ${team}' week ${week} loss to the ${opp}.
T.J. Yeldon contributed just 41 yards on eight carries while turning five targets into three catches for 29 yards Sunday in Jacksonville’s Week 6 loss to the Cowboys.,${player_name} contributed just ${rush_yards} yards on ${rush_attempts} carries while turning 5 targets into ${reception} catches for ${rec_yards} yards Sunday in ${team}'s week ${week} loss to the ${opp}.
T.J. Yeldon rushed 12 times for 28 yards and caught 5-of-7 targets for 40 yards and a touchdown in the Jaguars’ Week 7 loss to Houston.,${player_name} rushed ${rush_attempts} times for ${rush_yards} yards and caught ${reception} of ${week} targets for ${rec_yards} yards and a touchdown in the Jaguars' week ${week} loss to ${opp}.
Corey Grant rushed once for three yards in the Jaguars' Week 1 win over the Giants.,${player_name} rushed once for ${temp_var_0} yards in the ${team}' week ${temp_var_1} win over the ${opp}.
"Corey Grant caught 6-of-7 targets for 56 yards in the Jaguars' Week 2 win over the Patriots, adding four rushes for 13 additional yards.","${player_name} caught ${temp_var_0} of 7 targets for ${rec_yards} yards in the ${team}' week ${week} win over the ${opp}, adding ${rush_attempts} rushes for ${rush_yards} additional yards."
Corey Grant rushed six times for 11 yards and caught 1-of-2 targets for a combined loss of one yard in the Jaguars' Week 3 loss to Tennessee.,${player_name} rushed ${rush_attempts} times for ${rush_yards} yards and caught ${reception} of 2 targets for a combined loss of ${reception} yard in the ${team}' week ${week} loss to ${opp}.
Corey Grant exited Week 5 against the Chiefs with a foot injury.,${player_name} exited week ${week} against the ${opp} with a foot injury.
ESPN's Adam Schefter reports Corey Grant suffered a Lisfranc injury Week 5 against the Chiefs and is expected to miss the remainder of the season.,ESPN's Adam Schefter reports ${player_name} suffered a Lisfranc injury week ${week} against the ${opp} and is expected to miss the remainder of the season.
Marquise Goodwin (quad) is active for Week 3 against the Chiefs.,${player_name} (quad) is active for week ${temp_var_0} against the ${opp}.
Marquise Goodwin hauled in 3-of-4 targets for 30 yards and a touchdown in the 49ers' Week 3 loss to the Chiefs.,${player_name} hauled in ${temp_var_0} of 4 targets for ${rec_yards} yards and a touchdown in the ${team}' week ${temp_var_1} loss to the ${opp}.
Marquise Goodwin exited from the 49ers' Week 4 game against the Chargers with a leg injury.,${player_name} exited from the ${team}' week ${temp_var_0} game against the ${opp} with a leg injury.
"Marquise Goodwin caught 4-of-5 targets for 126 yards and two touchdowns in the 49ers' 33-30, Week 6 loss to the Packers on Monday night.","${player_name} caught ${reception} of ${temp_var_0} targets for ${rec_yards} yards and ${rec_td} touchdowns in the ${team}' 33 30, week ${week} loss to the Packers on Monday night."
Marquise Goodwin hauled in 2-of-5 targets for 24 yards in the 49ers' Week 7 loss to the Rams.,${player_name} hauled in ${reception} of 5 targets for ${rec_yards} yards in the 49ers' week ${week} loss to the ${opp}.
Kendrick Bourne caught 3-of-4 targets for 34 yards and a touchdown in the 49ers' Week 4 loss to the Chargers.,${player_name} caught ${reception} of ${week} targets for ${rec_yards} yards and a touchdown in the 49ers' week ${week} loss to the ${opp}.
Dante Pettis caught 2-of-5 targets for 61 yards and one touchdown in the 49ers' Week 1 loss to the Vikings.,${player_name} caught ${reception} of 5 targets for ${rec_yards} yards and ${temp_var_0} touchdown in the ${team}' week ${temp_var_1} loss to the ${opp}.
Dante Pettis was limited to one catch for 35 yards on two targets Sunday in San Francisco’s Week 2 win over the Lions.,${player_name} was limited to ${reception} catch for ${temp_var_0} yards on ${week} targets Sunday in San Francisco's week ${week} win over the ${opp}.
Dante Pettis was not targeted in the 49ers' Week 3 loss to the Chiefs.,${player_name} was not targeted in the ${team}' week ${week} loss to the ${opp}.
Dante Pettis suffered a left knee injury in the 49ers' Week 4 game against the Chargers and is questionable to return.,${player_name} suffered a left knee injury in the ${team}' week ${week} game against the ${opp} and is questionable to return.
Dante Pettis has been ruled out for the remainder of the 49ers' Week 4 game against the Chargers.,${player_name} has been ruled out for the remainder of the ${team}' week ${week} game against the ${opp}.
Jimmy Graham hauled in 6-of-8 targets for 95 yards in the Packers' Week 2 tie with the Vikings.,${player_name} hauled in ${reception} of 8 targets for ${rec_yards} yards in the Packers' week ${week} tie with the ${opp}.
Jimmy Graham caught 5-of-7 targets for 45 yards in the Packers' Week 3 loss to the Redskins.,${player_name} caught ${reception} of 7 targets for ${rec_yards} yards in the Packers' week ${week} loss to the ${opp}.
Jimmy Graham caught 3-of-6 targets for 21 yards and a touchdown in the Packers' Week 4 win over the Bills.,${player_name} caught ${reception} of 6 targets for ${rec_yards} yards and a touchdown in the ${team}' week ${week} win over the ${opp}.
Jimmy Graham caught 6-of-11 targets for 76 yards in the Packers' Week 5 loss to the Lions.,${player_name} caught ${reception} of 11 targets for ${rec_yards} yards in the Packers' week ${week} loss to the ${opp}.
Michael Thomas delivered a team-record 16 catches for 180 yards and a touchdown on 17 targets Sunday in the Saints’ Week 1 loss to the Buccaneers.,${player_name} delivered a team-record ${reception} catches for ${rec_yards} yards and a touchdown on 17 targets Sunday in the ${team}' week ${temp_var_0} loss to the ${opp}.
Michael Thomas caught 12-of-13 targets for 89 yards and two touchdowns in Sunday's Week 2 win over the Browns.,${player_name} caught ${reception} of 13 targets for ${rec_yards} yards and ${temp_var_0} touchdowns in Sunday's week ${temp_var_1} win over the ${opp}.
Michael Thomas pulled in all 10 of his targets for 129 receiving yards Sunday in the Saints’ Week 3 victory over Atlanta.,${player_name} pulled in all ${reception} of his targets for ${rec_yards} receiving yards Sunday in the ${team}' week ${week} victory over ${opp}.
Michael Thomas caught all four of his targets for 47 yards in the Saints' Week 4 win over the Giants.,${player_name} caught all ${temp_var_0} of his targets for ${rec_yards} yards in the ${team}' week ${temp_var_1} win over the ${opp}.
Michael Thomas caught 4-of-5 targets for 74 yards in the Saints' Week 5 win over the Redskins.,${player_name} caught ${reception} of ${week} targets for ${rec_yards} yards in the ${team}' week ${week} win over the ${opp}.
Michael Thomas caught 7-of-9 targets for 69 yards and a touchdown in the Saints' Week 7 win over the Ravens.,${player_name} caught ${temp_var_0} of 9 targets for ${rec_yards} yards and a touchdown in the Saints' week ${temp_var_1} win over the ${opp}.
Cameron Meredith is active for Week 3 against the Falcons.,${player_name} is active for week ${week} against the ${opp}.
Cameron Meredith registered an 11-yard touchdown on his lone target Sunday in the Saints’ Week 3 win over the Falcons.,${player_name} registered an ${temp_var_0} yard touchdown on his lone target Sunday in the ${team}' week ${week} win over the ${opp}.
Cameron Meredith caught 3-of-4 targets for 32 yards in the Saints' Week 4 win over the Giants.,${player_name} caught ${reception} of ${week} targets for ${rec_yards} yards in the ${team}' week ${week} win over the ${opp}.
Cameron Meredith was not targeted in the Saints' Week 7 win over the Ravens.,${player_name} was not targeted in the Saints' week ${week} win over the ${opp}.
Tre'Quan Smith caught all three of his targets for 111 yards and two touchdowns in the Saints' Week 5 win over the Redskins on Monday night.,${player_name} caught all ${reception} of his targets for ${rec_yards} yards and ${rec_td} touchdowns in the ${team}' week ${week} win over the ${opp} on Monday night.
Tre'Quan Smith caught 3-of-6 targets for 44 yards in the Saints' Week 7 win over the Ravens.,${player_name} caught ${reception} of 6 targets for ${rec_yards} yards in the ${team}' week ${week} win over the ${opp}.
Ted Ginn absorbed three-of-six targets for 12 yards and a touchdown while amassing 20 yards on his lone rushing attempt Sunday in the Saints’ Week 3 win over the Falcons.,${player_name} absorbed ${temp_var_0} of 6 targets for ${rec_yards} yards and a touchdown while amassing ${temp_var_1} yards on his lone rushing attempt Sunday in the ${team}' week ${temp_var_2} win over the ${opp}.
Ted Ginn failed to catch any of his three targets in the Saints' Week 4 win over the Giants.,${player_name} failed to catch any of his 3 targets in the ${team}' week ${week} win over the ${opp}.
Rashard Higgins caught 4-of-5 targets for 61 yards in the Browns' Week 4 loss to the Raiders.,${player_name} caught ${temp_var_0} of 5 targets for ${rec_yards} yards in the ${team}' week ${temp_var_1} loss to the ${opp}.
Rishard Higgins suffered a knee injury in Sunday's Week 5 game versus the Ravens and his return is doubtful.,Rishard Higgins suffered a knee injury in Sunday's week ${week} game versus the ${opp} and his return is doubtful.
Browns TE David Njoku caught 3-of-7 targets for 13 yards in Sunday's Week 1 game versus the Steelers.,${team} ${player_position} ${player_name} caught ${reception} of 7 targets for ${rec_yards} yards in Sunday's week ${week} game versus the ${opp}.
David Njoku caught 4-of-7 targets for 20 yards in Sunday's Week 2 loss to the Saints.,${player_name} caught ${reception} of 7 targets for ${rec_yards} yards in Sunday's week ${week} loss to the ${opp}.
David Njoku caught 5-of-7 targets for 52 yards in the Browns' Week 4 loss to the Raiders.,${player_name} caught ${reception} of 7 targets for ${rec_yards} yards in the ${team}' week ${week} loss to the ${opp}.
David Njoku caught 6-of-11 targets for 69 yards in Sunday's Week 5 win over the Ravens.,${player_name} caught ${reception} of 11 targets for ${rec_yards} yards in Sunday's week ${week} win over the ${opp}.
David Njoku caught 7-of-12 targets for 55 yards and a touchdown in Sunday's Week 6 loss to the Chargers.,${player_name} caught ${reception} of 12 targets for ${rec_yards} yards and a touchdown in Sunday's week ${week} loss to the ${opp}.
David Njoku caught 4-of-6 targets for 52 yards and a touchdown in Sunday's Week 7 loss to the Buccaneers.,${player_name} caught ${reception} of 6 targets for ${rec_yards} yards and a touchdown in Sunday's week ${week} loss to the ${opp}.
Keelan Cole hauled in 3-of-4 targets for 54 yards in the Jaguars' Week 1 win over the Giants.,${player_name} hauled in ${reception} of 4 targets for ${rec_yards} yards in the ${team}' week ${week} win over the ${opp}.
Keelan Cole caught 7-of-8 targets for 116 yards and a touchdown in the Jaguars' Week 2 win over the Patriots.,${player_name} caught ${reception} of 8 targets for ${rec_yards} yards and a touchdown in the ${team}' week ${week} win over the ${opp}.
Keelan Cole caught 5-of-9 targets for 40 yards in the Jaguars' Week 3 loss to Tennessee.,${player_name} caught ${reception} of 9 targets for ${rec_yards} yards in the ${team}' week ${week} loss to ${opp}.
Keelan Cole caught 2-of-3 passes for 15 yards in Week 4 against the Jets.,${player_name} caught ${reception} of 3 passes for ${rec_yards} yards in week ${week} against the ${opp}.
Keelan Cole hauled in 4-of-10 targets for 70 yards in the Jaguars' Week 5 loss to the Chiefs.,${player_name} hauled in ${reception} of 10 targets for ${rec_yards} yards in the ${team}' week ${week} loss to the ${opp}.
Keelan Cole collected four catches for 41 yards on five targets Sunday in the Jags’ Week 6 loss to the Cowboys.,${player_name} collected ${reception} catches for ${rec_yards} yards on 5 targets Sunday in the ${team}' week ${week} loss to the ${opp}.
Keelan Cole caught 2-of-7 targets for 21 yards in the Jaguars’ Week 7 loss to the Texans.,${player_name} caught ${reception} of ${week} targets for ${rec_yards} yards in the Jaguars' week ${week} loss to the ${opp}.
Donte Moncrief hauled in 1-of-5 targets for 14 yards in the Jaguars' Week 1 win over the Giants.,${player_name} hauled in ${temp_var_0} of 5 targets for ${temp_var_1} yards in the ${team}' week ${temp_var_2} win over the ${opp}.
Donte Moncrief caught 4-of-9 targets for 34 yards and a touchdown in the Jaguars' Week 2 win over the Patriots.,${player_name} caught ${reception} of 9 targets for ${rec_yards} yards and a touchdown in the ${team}' week ${week} win over the ${opp}.
Donte Moncrief caught 2-of-3 targets for 16 yards in the Jaguars' Week 3 loss to Tennessee.,${player_name} caught ${reception} of ${week} targets for ${rec_yards} yards in the ${team}' week ${week} loss to ${opp}.
Donte Moncrief caught five passes for 109 yards and a touchdowin in Week 4 against the Jets.,${player_name} caught ${reception} passes for ${rec_yards} yards and a touchdowin in week ${week} against the ${opp}.
Donte Moncrief hauled in 6-of-15 targets for 76 yards in the Jaguars' Week 5 loss to the Chiefs.,${player_name} hauled in ${reception} of 15 targets for ${rec_yards} yards in the ${team}' week ${week} loss to the ${opp}.
Donte Moncrief came up empty on his three targets Sunday in Jacksonville’s Week 6 loss to the Cowboys.,${player_name} came up empty on his 3 targets Sunday in ${team}'s week ${week} loss to the ${opp}.
Donte Moncrief caught 7-of-10 targets for 76 yards in the Jaguars’ Week 7 loss to the Texans.,${player_name} caught ${temp_var_0} of 10 targets for ${rec_yards} yards in the ${team}' week ${temp_var_1} loss to the ${opp}.
Dede Westbrook hauled in 5-of-6 targets for 51 yards in the Jaguars' Week 1 win over the Giants.,${player_name} hauled in ${reception} of 6 targets for ${rec_yards} yards in the ${team}' week ${week} win over the ${opp}.
Dede Westbrook caught 4-of-5 targets for 83 yards and a touchdown in the Jaguars' Week 2 win over the Patriots.,${player_name} caught ${reception} of 5 targets for 83 yards and a touchdown in the ${team}' week ${week} win over the ${opp}.
Dede Westbrook caught 3-of-4 targets for 31 yards in the Jaguars' Week 3 loss to Tennessee.,${player_name} caught ${temp_var_0} of 4 targets for ${rec_yards} yards in the ${team}' week ${temp_var_1} loss to ${opp}.
Dede Westbrook caught 9-of-13 targets for 130 yards in Jacksonville's Week 4 win over the Jets.,${player_name} caught ${reception} of 13 targets for ${rec_yards} yards in ${team}'s week ${week} win over the ${opp}.
Dede Westbrook hauled in 3-of-5 targets for 55 yards in the Jaguars' Week 5 loss to the Chiefs.,${player_name} hauled in ${reception} of ${week} targets for ${rec_yards} yards in the ${team}' week ${week} loss to the ${opp}.
Dede Westbrook secured three catches for 38 yards and a touchdown on five targets Sunday in the Jaguars’ Week 6 loss to Dallas.,${player_name} secured ${reception} catches for ${rec_yards} yards and a touchdown on 5 targets Sunday in the ${team}' week ${temp_var_0} loss to ${opp}.
Dede Westbrook caught 4-of-4 targets for 17 yards in the Jaguars’ Week 7 loss to the Texans.,${player_name} caught ${reception} of ${reception} targets for ${rec_yards} yards in the Jaguars' week ${week} loss to the ${opp}.
Pierre Garcon caught 4-of-7 targets for 52 scoreless yards in the 49ers' Week 4 loss to the Chargers.,${player_name} caught ${temp_var_0} of 7 targets for ${rec_yards} scoreless yards in the ${team}' week ${temp_var_1} loss to the ${opp}.
Pierre Garcon managed five catches for 47 yards on 12 targets Sunday in the Niners’ Week 5 loss to the Cardinals.,${player_name} managed ${temp_var_0} catches for ${rec_yards} yards on 12 targets Sunday in the Niners' week ${temp_var_1} loss to the ${opp}.
"Pierre Garcon (shoulder, knee) is active Week 6 against the Packers.","${player_name} (shoulder, knee) is active week ${week} against the ${opp}."
"Pierre Garcon (knee, shoulder) is expected to play in Week 7 against the Rams.","${player_name} (knee, shoulder) is expected to play in week ${week} against the ${opp}."
Pierre Garcon took his only target five yards in the 49ers' Week 7 loss to the Rams.,${player_name} took his only target ${temp_var_0} yards in the ${team}' week ${week} loss to the ${opp}.
Trent Taylor caught 4-of-6 targets for 28 yards in the 49ers' Week 1 loss to the Vikings.,${player_name} caught ${reception} of 6 targets for ${rec_yards} yards in the ${team}' week ${week} loss to the ${opp}.
Trent Taylor came up empty on both of his targets Sunday in San Francisco’s Week 2 win over the Lions.,${player_name} came up empty on both of his targets Sunday in San Francisco's week ${week} win over the ${opp}.
Trent Taylor delivered seven catches for 61 yards and a touchdown on eight targets Sunday in San Francisco’s Week 5 loss to the Cardinals.,${player_name} delivered ${reception} catches for ${rec_yards} yards and a touchdown on 8 targets Sunday in San Francisco's week ${week} loss to the ${opp}.
George Kittle hauled in 5-of-7 targets for 79 yards in the 49ers' Week 3 loss to the Chiefs.,${player_name} hauled in ${reception} of 7 targets for ${rec_yards} yards in the ${team}' week ${week} loss to the ${opp}.
George Kittle caught six passes for 125 yards and one touchdown in the 49ers' Week 4 loss to the Chargers.,${player_name} caught ${reception} passes for ${rec_yards} yards and ${rec_td} touchdown in the ${team}' week ${week} loss to the ${opp}.
George Kittle earned five catches for 83 yards on seven targets Sunday in the 49ers’ Week 5 loss to Arizona.,${player_name} earned ${temp_var_0} catches for ${rec_yards} yards on 7 targets Sunday in the ${team}' week ${temp_var_1} loss to ${opp}.
NBC Bay Area's Matt Maiocco believes the promotion of TE Ross Dwelley from the practice squad suggests George Kittle (knee) may be inactive Monday night against the Packers.,NBC Bay Area's Matt Maiocco believes the promotion of ${player_position} Ross Dwelley from the practice squad suggests ${player_name} (knee) may be inactive Monday night against the ${opp}.
ESPN's Adam Schefter reports George Kittle (knee) is expected to play Monday night against the Packers.,ESPN's Adam Schefter reports ${player_name} (knee) is expected to play Monday night against the ${opp}.
George Kittle (knee) is active for Week 6 against the Packers on Monday night.,${player_name} (knee) is active for week ${week} against the ${opp} on Monday night.
George Kittle hauled in 5-of-8 targets for 98 yards and a touchdown in the 49ers' Week 7 loss to the Rams.,${player_name} hauled in ${reception} of 8 targets for ${rec_yards} yards and a touchdown in the 49ers' week ${week} loss to the ${opp}.
"NFL Network's Ian Rapoport reports Alshon Jeffery (questionable, shoulder/illness) will be a game-time decision Week 4 against the Titans.","NFL Network's Ian Rapoport reports ${player_name} (questionable, shoulder/illness) will be a game-time decision week ${week} against the ${opp}."
"Alshon Jeffery (questionable, shoulder/illness) will play in Week 4 against the Titans.","${player_name} (questionable, shoulder/illness) will play in week ${week} against the ${opp}."
Alshon Jeffery (shoulder) is active for Week 4 against the Titans.,${player_name} (shoulder) is active for week ${week} against the ${opp}.
Alshon Jeffery hauled in 8-of-9 targets for 105 yards and a touchdown in the Eagles' Week 4 loss to the Titans.,${player_name} hauled in ${reception} of 9 targets for ${rec_yards} yards and a touchdown in the ${team}' week ${week} loss to the ${opp}.
Alshon Jeffery caught 2-of-8 targets for 39 yards in the Eagles' Week 5 loss to the Vikings.,${player_name} caught ${reception} of 8 targets for ${rec_yards} yards in the ${team}' week ${week} loss to the ${opp}.
Alshon Jeffery caught 8-of-12 targets for 74 yards and two touchdowns in the Eagles' Week 6 win over the Giants.,${player_name} caught ${reception} of 12 targets for ${rec_yards} yards and ${rec_td} touchdowns in the ${team}' week ${week} win over the ${opp}.
Alshon Jeffery caught 7-of-10 targets for 88 yards and a touchdown in the Eagles’ Week 7 loss to Carolina.,${player_name} caught ${temp_var_0} of 10 targets for ${rec_yards} yards and a touchdown in the Eagles' week ${temp_var_1} loss to ${opp}.
Nelson Agholor caught 8-of-12 targets for 95 yards and a touchdown in the Eagles' Week 2 loss at Tampa Bay.,${player_name} caught ${reception} of 12 targets for 95 yards and a touchdown in the ${team}' week ${temp_var_0} loss at ${opp}.
Nelson Agholor caught 4-of-5 targets for 24 yards in Sunday's Week 4 game versus the Colts.,${player_name} caught ${reception} of 5 targets for ${rec_yards} yards in Sunday's week ${reception} game versus the ${opp}.
Nelson Agholor hauled in 5-of-12 targets for 22 yards in the Eagles' Week 4 loss to the Titans.,${player_name} hauled in ${reception} of 12 targets for ${rec_yards} yards in the ${team}' week ${week} loss to the ${opp}.
Nelson Agholor caught 4-of-4 targets for 45 yards in the Eagles' Week 5 loss to the Vikings.,${player_name} caught ${reception} of ${reception} targets for ${rec_yards} yards in the ${team}' week ${week} loss to the ${opp}.
Nelson Agholor caught 6-of-7 targets for 20 yards in the Eagles’ Week 7 loss to the Panthers.,${player_name} caught ${reception} of ${week} targets for ${rec_yards} yards in the Eagles' week ${week} loss to the ${opp}.
Mike Wallace was carted off in the first quarter of Sunday's Week 2 game with an ankle injury.,${player_name} was carted off in the first quarter of Sunday's week ${week} game with an ankle injury.
Zach Ertz caught 11-of-13 targets for 94 yards in the Eagles' Week 2 loss to Tampa Bay.,${player_name} caught ${reception} of 13 targets for ${rec_yards} yards in the ${team}' week ${week} loss to ${opp}.
Zach Ertz caught 5-of-10 targets for 73 yards in Sunday's Week 3 win over the Colts.,${player_name} caught ${reception} of 10 targets for ${rec_yards} yards in Sunday's week ${week} win over the ${opp}.
Zach Ertz hauled in 10-of-14 targets for 112 yards in the Eagles' Week 4 loss to the Titans.,${player_name} hauled in ${reception} of 14 targets for ${rec_yards} yards in the ${team}' week ${week} loss to the ${opp}.
Zach Ertz caught 10-of-11 targets for 110 yards and a touchdown in the Eagles' Week 5 loss to the Vikings.,${player_name} caught ${reception} of ${rec_avg} targets for ${rec_yards} yards and a touchdown in the ${team}' week ${week} loss to the ${opp}.
Zach Ertz caught 9-of-11 targets for 138 yards in the Eagles’ Week 7 loss to the Panthers.,${player_name} caught ${reception} of 11 targets for ${rec_yards} yards in the Eagles' week ${week} loss to the ${opp}.
Ben Watson corralled all four of his targets for 44 yards Sunday in New Orleans’ Week 1 loss to the Buccaneers.,${player_name} corralled all ${reception} of his targets for ${rec_yards} yards Sunday in New Orleans' week ${week} loss to the ${opp}.
Ben Watson caught 3-of-5 targets for 19 yards in Sunday's Week 2 win over the Browns.,${player_name} caught ${reception} of 5 targets for ${rec_yards} yards in Sunday's week ${week} win over the ${opp}.
Benjamin Watson nabbed five-of-six targets for 71 yards Sunday in New Orleans’ Week 3 win over the Falcons.,Benjamin Watson nabbed ${reception} of 6 targets for ${rec_yards} yards Sunday in New Orleans' week ${week} win over the ${opp}.
Ben Watson caught 1-of-3 targets for 23 yards in the Saints' Week 4 win over the Giants.,${player_name} caught ${reception} of 3 targets for ${temp_var_0} yards in the ${team}' week ${week} win over the ${opp}.
Ben Watson caught 6-of-6 targets for 43 yards and a touchdown in the Saints' Week 7 win over the Ravens.,${player_name} caught ${reception} of ${reception} targets for ${rec_yards} yards and a touchdown in the Saints' week ${week} win over the ${opp}.
Derek Carr completed 29-of-32 passes for 288 yards and one touchdown in Sunday's Week 2 loss to the Broncos.,${player_name} completed ${pass_completions} of ${pass_attempts} passes for ${pass_yards} yards and ${pass_td} touchdown in Sunday's week ${week} loss to the ${opp}.
"Derek Carr completed 27-of-39 passes for 345 yards, one touchdown and two interceptions in the Raiders' 28-20, Week 3 loss to the Dolphins.","${player_name} completed ${pass_completions} of ${pass_attempts} passes for ${pass_yards} yards, ${pass_td} touchdown and ${temp_var_0} interceptions in the ${team}' 28 20, week ${week} loss to the ${opp}."
"Derek Carr completed 35-of-58 passes for 437 yards, four touchdowns, and two interceptions in the Raiders' Week 4 overtime win over the Browns.","${player_name} completed ${pass_completions} of ${pass_attempts} passes for ${pass_yards} yards, ${temp_var_0} touchdowns, and ${temp_var_1} interceptions in the ${team}' week ${temp_var_2} overtime win over the ${opp}."
"Derek Carr managed to complete 24-of-33 passes for 268 yards, one touchdown, and one interception in the Raiders' Week 5 loss to the Chargers.","${player_name} managed to complete ${pass_completions} of ${pass_attempts} passes for ${pass_yards} yards, ${temp_var_0} touchdown, and ${temp_var_1} interception in the ${team}' week ${temp_var_2} loss to the ${opp}."
Derek Carr completed 23-of-31 passes for 142 yards and rushed four times for 31 yards in the Raiders' Week 6 loss to Seattle.,${player_name} completed ${pass_completions} of ${temp_var_0} passes for ${pass_yards} yards and rushed ${rush_attempts} times for ${temp_var_1} yards in the ${team}' week ${week} loss to ${opp}.
Doug Martin managed 11 yards on five carries in the Raiders' Week 4 win.,${player_name} managed ${rush_yards} yards on ${rush_attempts} carries in the ${team}' week ${week} win.
Jalen Richard caught all six of his targets for 53 yards and one touchdown in the Raiders' Week 5 stomping to the Chargers.,${player_name} caught all ${reception} of his targets for ${rec_yards} yards and ${rush_attempts} touchdown in the ${team}' week ${week} stomping to the ${opp}.
Jalen Richard caught 7-of-8 targets for 48 yards and rushed twice for three yards in the Raiders' Week 6 loss to Seattle.,${player_name} caught ${reception} of 8 targets for ${rec_yards} yards and rushed twice for ${rush_yards} yards in the Raiders' week ${week} loss to ${opp}.
Niles Paul hauled in 7-of-9 targets for 65 yards in the Jaguars' Week 5 loss to the Chiefs.,${player_name} hauled in ${reception} of 9 targets for ${rec_yards} yards in the ${team}' week ${week} loss to the ${opp}.
Austin Seferian-Jenkins hauled in 3-of-5 targets for 25 yards in the Jaguars' Week 1 win over the Giants.,${player_name} hauled in ${reception} of 5 targets for ${rec_yards} yards in the ${team}' week ${week} win over the ${opp}.
Austin Seferian-Jenkins caught 3-of-5 targets for 23 yards and a touchdown in the Jaguars' Week 2 win over the Patriots.,${player_name} caught ${reception} of 5 targets for ${rec_yards} yards and a touchdown in the ${team}' week ${week} win over the ${opp}.
Austin Seferian-Jenkins caught 3-of-5 targets for 18 yards in the Jaguars' Week 3 loss to Tennessee.,${player_name} caught ${temp_var_0} of 5 targets for ${rec_yards} yards in the ${team}' week ${temp_var_1} loss to ${opp}.
Austin Seferian-Jenkins caught 2-of-4 passes for 24 yards in Week 4 against the Jets.,${player_name} caught ${reception} of ${week} passes for ${rec_yards} yards in week ${week} against the ${opp}.
Austin Seferian-Jenkins did not catch his only target in the Jaguars' Week 5 loss to the Chiefs.,${player_name} did not catch his only target in the ${team}' week ${week} loss to the ${opp}.
Dallas Goedert was held catch-less in the Eagles' Week 2 loss to the Bucs.,${player_name} was held catch-less in the ${team}' week ${week} loss to the ${opp}.
Dallas Goedert caught 7-of-7 targets for 73 yards and a touchdown in Sunday's Week 3 win over the Colts.,${player_name} caught ${reception} of ${reception} targets for ${rec_yards} yards and a touchdown in Sunday's week ${week} win over the ${opp}.
Dallas Goedert hauled in both his targets for 13 yards in the Eagles' Week 4 loss to the Titans.,${player_name} hauled in both his targets for ${rec_yards} yards in the ${team}' week ${week} loss to the ${opp}.
Dallas Goedert caught 2-of-2 targets for 16 yards in the Eagles' Week 5 loss to the Vikings.,${player_name} caught ${reception} of ${reception} targets for ${rec_yards} yards in the ${team}' week ${week} loss to the ${opp}.
Dallas Goedert caught 4-of-5 targets for 43 yards and a touchdown in the Eagles’ Week 7 loss to Carolina.,${player_name} caught ${reception} of 5 targets for ${rec_yards} yards and a touchdown in the Eagles' week ${week} loss to ${opp}.
"Kirk Cousins completed 20-of-36 passes for 244 yards and two touchdowns in the Vikings' 24-16, Week 1 win over the 49ers.","${player_name} completed ${pass_completions} of ${pass_attempts} passes for ${pass_yards} yards and ${pass_td} touchdowns in the ${team}' 24 16, week ${week} win over the ${opp}."
"Kirk Cousins completed 35-of-48 passes for 425 yards, four touchdowns, and an interception in the Vikings' Week 2 tie with the Packers.","${player_name} completed ${pass_completions} of ${pass_attempts} passes for ${pass_yards} yards, ${pass_td} touchdowns, and an interception in the ${team}' week ${temp_var_0} tie with the ${opp}."
"Kirk Cousins completed 40-of-55 passes for 296 yards, one touchdown, and an interception in the Vikings' Week 3 loss to the Bills.","${player_name} completed ${pass_completions} of ${pass_attempts} passes for ${pass_yards} yards, ${temp_var_0} touchdown, and an interception in the ${team}' week ${week} loss to the ${opp}."
"Kirk Cousins completed 30-of-37 passes for 301 yards and a touchdown in the Vikings' 23-21, Week 5 win over the Eagles.","${player_name} completed ${pass_completions} of ${pass_attempts} passes for ${pass_yards} yards and a touchdown in the ${team}' 23 21, week ${temp_var_0} win over the ${opp}."
Kirk Cousins completed 24-of-34 passes for 233 yards with a touchdown and an interception in the Vikings' Week 6 win over the Cardinals.,${player_name} completed ${pass_completions} of ${pass_attempts} passes for ${pass_yards} yards with a touchdown and an interception in the ${team}' week ${week} win over the ${opp}.
Kirk Cousins completed 25-of-40 passes for 241 yards and two touchdowns in the Vikings' Week 7 win over the Jets.,${player_name} completed ${pass_completions} of ${pass_attempts} passes for ${pass_yards} yards and ${temp_var_0} touchdowns in the Vikings' week ${week} win over the ${opp}.
Ben Roethlisberger completed 23-of-41 passes for 335 yards with one touchdowns and three interceptions in Sunday's Week 1 tie versus the Browns.,${player_name} completed ${pass_completions} of ${pass_attempts} passes for ${pass_yards} yards with ${temp_var_0} touchdowns and ${temp_var_1} interceptions in Sunday's week ${temp_var_2} tie versus the ${opp}.
Ben Roethlisberger (elbow) is active for Week 2 against the Chiefs.,${player_name} (elbow) is active for week ${temp_var_0} against the ${opp}.
"Ben Roethlisberger completed 39-of-60 passes for 452 yards and three touchdowns in the Steelers' 42-37, Week 2 loss to the Chiefs, adding a rushing score.","${player_name} completed ${pass_completions} of ${pass_attempts} passes for ${pass_yards} yards and ${pass_td} touchdowns in the ${team}' 42 37, week ${temp_var_0} loss to the ${opp}, adding a rushing score."
"Ben Roethlisberger completed 30-of-38 passes for 353 yards, three touchdowns, and one interception in the Steelers' Week 3 victory over the Buccaneers.","${player_name} completed ${pass_completions} of ${pass_attempts} passes for ${pass_yards} yards, ${temp_var_0} touchdowns, and ${pass_int} interception in the ${team}' week ${temp_var_1} victory over the ${opp}."
Ben Roethlisberger completed 27-of-47 passes for 274 yards with one touchdown and an interception in the Steelers' Week 5 loss to the Ravens.,${player_name} completed ${pass_completions} of ${pass_attempts} passes for ${pass_yards} yards with ${temp_var_0} touchdown and an interception in the ${team}' week 5 loss to the ${opp}.
"Ben Roethlisberger completed 19-of-29 passes for 250 yards, three touchdowns and an interception in the Steelers' 41-17, Week 5 win over the Falcons.","${player_name} completed ${pass_completions} of ${pass_attempts} passes for ${pass_yards} yards, ${pass_td} touchdowns and an interception in the ${team}' 41 17, week ${week} win over the ${opp}."
Ben Roethlisberger completed 32-of-46 passes for 369 yards and one touchdown in the Steelers' Week 6 win over the Bengals.,${player_name} completed ${pass_completions} of ${pass_attempts} passes for ${pass_yards} yards and ${temp_var_0} touchdown in the Steelers' week ${week} win over the ${opp}.
Marshawn Lynch rushed 20 times for 130 yards and caught 3-of-5 targets for 27 yards in the Raiders' Week 4 win over the Browns.,${player_name} rushed ${rush_attempts} times for ${rush_yards} yards and caught ${reception} of 5 targets for ${rec_yards} yards in the ${team}' week ${week} win over the ${opp}.
"Marshawn Lynch rushed nine times for 31 yards, adding two catches for 10 yards in the Raiders' Week 5 romping by the Chargers.","${player_name} rushed ${rush_attempts} times for ${rush_yards} yards, adding ${reception} catches for ${rec_yards} yards in the ${team}' week ${temp_var_0} romping by the ${opp}."
Marshawn Lynch rushed 13 times for 45 yards and caught 3-of-5 targets for 14 yards in the Raiders' Week 6 loss to Seattle.,${player_name} rushed ${rush_attempts} times for ${rush_yards} yards and caught ${reception} of 5 targets for ${rec_yards} yards in the ${team}' week ${week} loss to ${opp}.
Latavius Murray rushed 11 times for 42 yards in the Vikings' Week 1 win over the 49ers.,${player_name} rushed ${rush_attempts} times for ${rush_yards} yards in the ${team}' week ${week} win over the ${opp}.
Latavius Murray rushed four times for 19 yards in the Vikings' Week 2 tie with the Packers.,${player_name} rushed ${rush_attempts} times for ${rush_yards} yards in the ${team}' week ${week} tie with the ${opp}.
Latavius Murray rushed two times for one yard and added five catches for 30 receiving yards in the Vikings' Week 3 loss to the Bills.,${player_name} rushed ${rush_attempts} times for ${rush_yards} yard and added ${reception} catches for ${rec_yards} receiving yards in the ${team}' week ${week} loss to the ${opp}.
"Latavius Murray rushed 11 times for 42 yards in the Vikings' Week 5 win over the Eagles, adding two receptions for 14 additional yards.","${player_name} rushed ${rush_attempts} times for ${rush_yards} yards in the ${team}' week ${week} win over the ${opp}, adding ${reception} receptions for ${rec_yards} additional yards."
Latavius Murray rushed 24 times for 155 yards and a touchdown in the Vikings' Week 6 win over the Cardinals.,${player_name} rushed ${rush_attempts} times for ${rush_yards} yards and a touchdown in the ${team}' week ${week} win over the ${opp}.
Latavius Murray rushed 15 times for 69 yards and two touchdowns in the Vikings' Week 7 win over the Jets.,${player_name} rushed ${rush_attempts} times for ${rush_yards} yards and ${temp_var_0} touchdowns in the Vikings' week ${temp_var_1} win over the ${opp}.
"Roc Thomas rushed four times for eight yards in the Vikings' Week 5 win over the Eagles, adding a six-yard reception.","${player_name} rushed ${rush_attempts} times for ${rush_yards} yards in the Vikings' week ${week} win over the ${opp}, adding a ${temp_var_0} yard reception."
Jameis Winston replaced Ryan Fitzpatrick to start the third quarter.,${player_name} replaced Ryan Fitzpatrick to start the third quarter.
"Jameis Winston completed 16-of-20 passes for 145 yards, one touchdown, and two picks in the Bucs' Week 4 loss to the Bears.","${player_name} completed ${pass_completions} of ${pass_attempts} passes for ${pass_yards} yards, ${temp_var_0} touchdown, and ${pass_int} picks in the ${team}' week ${week} loss to the ${opp}."
"Jameis Winston completed 30-of-41 passes for 395 yards, four touchdowns, and two interceptions in the Bucs' Week 6 loss to the Falcons.","${player_name} completed ${pass_completions} of ${pass_attempts} passes for ${pass_yards} yards, ${pass_td} touchdowns, and ${pass_int} interceptions in the ${team}' week ${week} loss to the ${opp}."
Jameis Winston completed 32-of-52 passes for 365 yards with an interception while rushing 10 times for 55 yards and a touchdown in Sunday's Week 7 win over the Browns.,${player_name} completed ${pass_completions} of ${pass_attempts} passes for ${pass_yards} yards with an interception while rushing ${rush_attempts} times for ${rush_yards} yards and a touchdown in Sunday's week ${temp_var_0} win over the ${opp}.
Ryan Fitzpatrick completed 21-of-28 passes for a career-high 417 yards with four touchdowns and no interceptions while adding 36 yards and a touchdown on 12 carries Sunday in the Buccaneers’ Week 1 win over the Saints.,${player_name} completed ${pass_completions} of ${pass_attempts} passes for a career-high ${pass_yards} yards with ${pass_td} touchdowns and no interceptions while adding ${rush_yards} yards and a touchdown on ${rush_attempts} carries Sunday in the ${team}' week ${temp_var_0} win over the ${opp}.
"Ryan Fitzpatrick completed 27-of-33 passes for 402 yards, four touchdowns, and one interception in the Bucs' Week 2 win over the Eagles.","${player_name} completed ${pass_completions} of ${pass_attempts} passes for ${pass_yards} yards, ${pass_td} touchdowns, and ${temp_var_0} interception in the ${team}' week ${week} win over the ${opp}."
"Ryan Fitzpatrick completed 30-of-50 passes for 411 yards, three touchdowns, and three interceptions in the Bucs' Week 3 loss to the Steelers.","${player_name} completed ${pass_completions} of ${pass_attempts} passes for ${pass_yards} yards, ${temp_var_0} touchdowns, and ${temp_var_1} interceptions in the ${team}' week ${temp_var_2} loss to the ${opp}."
"According to NFL Network's Ian Rapoport, Buccaneers coach Dirk Koetter was ""one or two plays away"" from benching Ryan Fitzpatrick in Week 3.","According to NFL Network's Ian Rapoport, ${team} coach Dirk Koetter was ""${pass_int} or 2 plays away"" from benching ${player_name} in week 3."
Ryan Fitzpatrick was replaced by Jameis Winston to start the third quarter in Week 4 against the Bears.,${player_name} was replaced by Jameis Winston to start the third quarter in week ${week} against the ${opp}.
Peyton Barber logged 69 yards on 19 carries Sunday in Tampa Bay’s Week 1 victory over the Saints.,${player_name} logged ${rush_yards} yards on ${rush_attempts} carries Sunday in ${team}'s week ${week} victory over the ${opp}.
Peyton Barber managed 22 yards on 16 carries and caught 1-of-2 targets for seven yards in the Bucs' Week 2 win over the Eagles.,${player_name} managed ${rush_yards} yards on ${rush_attempts} carries and caught ${reception} of ${week} targets for ${temp_var_0} yards in the ${team}' week ${week} win over the ${opp}.
Peyton Barber rushed seven times for 24 yards in the Bucs' Week 4 loss to the Bears.,${player_name} rushed ${rush_attempts} times for ${rush_yards} yards in the ${team}' week ${week} loss to the ${opp}.
Peyton Barber rushed 13 times for 82 yards and hauled in all four of his targets for 24 yards and a touchdown in the Bucs' Week 6 loss to the Falcons.,${player_name} rushed ${rush_attempts} times for ${rush_yards} yards and hauled in all ${reception} of his targets for ${rec_yards} yards and a touchdown in the ${team}' week ${temp_var_0} loss to the ${opp}.
Peyton Barber rushed 11 times for 30 yards in Sunday's Week 7 win over the Browns.,${player_name} rushed ${rush_attempts} times for ${rush_yards} yards in Sunday's week ${week} win over the ${opp}.
Bucs rookie RB Ronald Jones is expected to be active for Week 4.,${team} rookie ${player_position} ${player_name} is expected to be active for week ${week}.
Ronald Jones handled 10 carries for 29 yards in the Bucs' Week 4 loss to the Bears.,${player_name} handled ${rush_attempts} carries for ${rush_yards} yards in the ${team}' week ${week} loss to the ${opp}.
Ronald Jones rushed once for three yards and hauled in all three of his targets for 16 yards in the Bucs' Week 6 loss to the Falcons.,${player_name} rushed once for ${temp_var_0} yards and hauled in all ${temp_var_1} of his targets for ${rec_yards} yards in the ${team}' week ${week} loss to the ${opp}.
Ronald Jones rushed six times for 13 yards and a touchdown while catching his lone target for 15 yards in Sunday's Week 7 win over the Browns.,${player_name} rushed ${rush_attempts} times for ${rush_yards} yards and a touchdown while catching his lone target for ${temp_var_0} yards in Sunday's week ${week} win over the ${opp}.
Steelers RB James Conner rushed 31 times for 135 yards and two touchdowns while catching 5-of-6 targets for 57 yards in Sunday's Week 1 game versus the Browns.,${team} ${player_position} ${player_name} rushed ${rush_attempts} times for ${rush_yards} yards and ${rush_td} touchdowns while catching ${reception} of 6 targets for ${rec_yards} yards in Sunday's week ${temp_var_0} game versus the ${opp}.
"James Conner rushed eight times for 17 yards and a touchdown in the Steelers' Week 2 loss to the Chiefs, adding five receptions for 48 additional yards.","${player_name} rushed ${rush_attempts} times for ${rush_yards} yards and a touchdown in the ${team}' week ${week} loss to the ${opp}, adding ${reception} receptions for ${rec_yards} additional yards."
James Conner rushed nine times for 19 yards and caught 3-of-7 targets for 25 yards in Week 4 against the Ravens.,${player_name} rushed ${rush_attempts} times for ${rush_yards} yards and caught ${reception} of 7 targets for ${rec_yards} yards in week ${week} against the ${opp}.
"James Conner rushed 21 times for 110 yards and two touchdowns in the Steelers' Week 5 win over the Falcons, adding four receptions for 75 additional yards.","${player_name} rushed ${rush_attempts} times for ${rush_yards} yards and ${rush_td} touchdowns in the ${team}' week ${week} win over the ${opp}, adding ${reception} receptions for ${rec_yards} additional yards."
"James Conner rushed 19 times for 111 yards and two touchdowns in the Steelers' 28-21, Week 6 win over the Bengals.","${player_name} rushed ${rush_attempts} times for ${rush_yards} yards and ${rush_td} touchdowns in the Steelers' 28 21, week ${week} win over the ${opp}."
Jordy Nelson caught 2-of-4 targets for 30 yards in Sunday's Week 2 loss to the Broncos.,${player_name} caught ${temp_var_0} of 4 targets for ${rec_yards} yards in Sunday's week ${temp_var_1} loss to the ${opp}.
Jordy Nelson caught 6-of-8 targets for 173 yards and a touchdown in the Raiders' Week 3 loss to the Dolphins.,${player_name} caught ${reception} of 8 targets for ${rec_yards} yards and a touchdown in the ${team}' week ${week} loss to the ${opp}.
Jordy Nelson has caught 5-of-8 targets for 48 yards and a touchdown in the Raiders' Week 4 win over the Browns.,${player_name} has caught ${reception} of 8 targets for ${rec_yards} yards and a touchdown in the ${team}' week ${week} win over the ${opp}.
Jordy Nelson caught 2-of-3 targets for six yards in Week 6 versus Seattle.,${player_name} caught ${reception} of ${rec_avg} targets for ${temp_var_0} yards in week ${temp_var_1} versus ${opp}.
"ESPN's Adam Schefter reports Martavis Bryant has indeed been given another year-long suspension, but that the NFL is allowing him to play while it is on appeal.","ESPN's Adam Schefter reports ${player_name} has indeed been given another year-long suspension, but that the NFL is allowing him to play while it is on appeal."
Martavis Bryant caught 2-of-5 targets for 30 yards in the Raiders' Week 3 loss to the Dolphins.,${player_name} caught ${reception} of 5 targets for ${rec_yards} yards in the ${team}' week ${week} loss to the ${opp}.
Martavis Bryant caught 3-of-7 targets for 51 yards in the Raiders' Week 4 win over the Browns.,${player_name} caught ${reception} of 7 targets for ${rec_yards} yards in the ${team}' week ${week} win over the ${opp}.
Martavis Bryant hauled in all three of his targets for a team-high 91 yards in the Raiders' Week 5 loss to the Chargers.,${player_name} hauled in all ${reception} of his targets for a team-high ${rec_yards} yards in the ${team}' week ${week} loss to the ${opp}.
Martavis Bryant caught 2-of-3 targets for 18 yards in the Raiders' Week 6 loss to Seattle.,${player_name} caught ${reception} of 3 targets for ${rec_yards} yards in the ${team}' week ${week} loss to ${opp}.
Raiders WR Seth Roberts left Sunday's Week 6 game with a concussion.,${team} ${player_position} ${player_name} left Sunday's week ${week} game with a concussion.
Marcus Mariota (elbow) is active for Week 3 against the Jaguars.,${player_name} (elbow) is active for week ${week} against the ${opp}.
Marcus Mariota completed 12-of-18 passes for 100 yards and rushed seven times for 51 yards in the Titans' Week 3 win over the Jaguars.,${player_name} completed ${pass_completions} of ${pass_attempts} passes for ${pass_yards} yards and rushed ${rush_attempts} times for ${rush_yards} yards in the ${team}' week ${week} win over the ${opp}.
"Marcus Mariota completed 30-of-43 passes for 344 yards, two touchdowns, and an interception in the Titans' Week 4, overtime win over the Eagles, adding 46 yards and a touchdown on the ground.","${player_name} completed ${pass_completions} of ${pass_attempts} passes for ${pass_yards} yards, ${pass_td} touchdowns, and an interception in the ${team}' week ${week}, overtime win over the ${opp}, adding ${rush_yards} yards and a touchdown on the ground."
Marcus Mariota completed 14-of-26 passes for 129 yards and an interception in the Titans' Week 5 loss at Buffalo.,${player_name} completed ${pass_completions} of ${pass_attempts} passes for ${pass_yards} yards and an interception in the ${team}' week ${temp_var_0} loss at ${opp}.
Marcus Mariota completed 10-of-15 passes for 117 yards in the Titans' dreadful Week 6 loss to the Ravens.,${player_name} completed ${pass_completions} of ${pass_attempts} passes for ${pass_yards} yards in the ${team}' dreadful week ${week} loss to the ${opp}.
Marcus Mariota completed 24-of-32 passes for 237 yards with a touchdown and an interception in Week 7 against the Chargers.,${player_name} completed ${pass_completions} of ${pass_attempts} passes for ${pass_yards} yards with a touchdown and an interception in week ${temp_var_0} against the ${opp}.
Alex Smith completed 21-of-30 passes for 255 yards and a pair of touchdowns while adding 14 yards on eight carries Sunday in Washington’s Week 1 win over the Cardinals.,${player_name} completed ${pass_completions} of ${pass_attempts} passes for ${pass_yards} yards and a pair of touchdowns while adding ${rush_yards} yards on ${rush_attempts} carries Sunday in ${team}'s week ${week} win over the ${opp}.
Alex Smith completed 33-of-46 passes for 292 yards with no touchdowns or interceptions while supplying 14 yards on four carries Sunday in Washington’s Week 2 loss to the Colts.,${player_name} completed ${pass_completions} of ${pass_attempts} passes for ${pass_yards} yards with no touchdowns or interceptions while supplying ${rush_yards} yards on ${rush_attempts} carries Sunday in ${team}'s week ${week} loss to the ${opp}.
"Alex Smith completed 12-of-20 passes for 220 yards, two touchdowns and an interception in the Redskins' 31-17, Week 3 win over the Packers.","${player_name} completed ${pass_completions} of ${temp_var_0} passes for ${pass_yards} yards, ${pass_td} touchdowns and an interception in the ${team}' 31 17, week ${week} win over the ${opp}."
"Alex Smith completed 23-of-39 passes for 275 yards, no touchdowns, and one interception in the Redskins' 43-19, Week 5 loss to the Saints.","${player_name} completed ${pass_completions} of ${pass_attempts} passes for ${pass_yards} yards, no touchdowns, and ${temp_var_0} interception in the ${team}' 43 19, week ${week} loss to the ${opp}."
"Alex Smith completed 21-of-36 passes for 163 yards and two touchdowns in the Redskins' 23-17, Week 6 win over the Panthers.","${player_name} completed ${pass_completions} of ${pass_attempts} passes for ${pass_yards} yards and ${pass_td} touchdowns in the ${team}' 23 17, week ${temp_var_0} win over the ${opp}."
Alex Smith completed 14-of-25 passes for 178 yards and one touchdown in Washington's Week 7 win over the Cowboys.,${player_name} completed ${pass_completions} of ${pass_attempts} passes for ${pass_yards} yards and ${pass_td} touchdown in Washington's week ${week} win over the ${opp}.
Chris Thompson rushed for just one yard on four carries but made up for that lack of production by snagging 13 catches for a team-leading 92 yards on 14 targets Sunday in the Redskins’ Week 2 loss to the Colts.,${player_name} rushed for just ${rush_yards} yard on ${rush_attempts} carries but made up for that lack of production by snagging ${reception} catches for a team-leading ${rec_yards} yards on 14 targets Sunday in the ${team}' week ${week} loss to the ${opp}.
"Chris Thompson rushed six times for 17 yards in the Redskins' Week 3 win over the Packers, gaining zero yards on his lone reception.","${player_name} rushed ${rush_attempts} times for ${rush_yards} yards in the ${team}' week ${week} win over the ${opp}, gaining zero yards on his lone reception."
Chris Thompson rushed eight times for 17 yards and caught 6-of-8 targets for 45 yards in the Redskins' Week 5 loss to the Saints.,${player_name} rushed ${rush_attempts} times for ${rush_yards} yards and caught ${reception} of ${rush_attempts} targets for ${rec_yards} yards in the ${team}' week ${week} loss to the ${opp}.
"Adrian Peterson (questionable, ankle/knee/shoulder) is expected to play Week 6 against the Panthers.","${player_name} (questionable, ankle/knee/shoulder) is expected to play week ${week} against the ${opp}."
"Adrian Peterson (knee, ankle, shoulder) is active for Week 6 against the Panthers.","${player_name} (knee, ankle, shoulder) is active for week ${week} against the ${opp}."
Adrian Peterson rushed 17 times for 97 yards in the Redskins' Week 6 win over the Panthers.,${player_name} rushed ${rush_attempts} times for ${rush_yards} yards in the ${team}' week ${week} win over the ${opp}.
"Adrian Peterson (questionable, ankle/shoulder) is expected to play against the Cowboys in Week 7.","${player_name} (questionable, ankle/shoulder) is expected to play against the ${opp} in week ${week}."
Adrian Peterson handled a team-high 24 carries for 99 yards in Washington's Week 7 victory over the Cowboys.,${player_name} handled a team-high ${rush_attempts} carries for ${rush_yards} yards in Washington's week ${week} victory over the ${opp}.
"Kapri Bibbs rushed twice for 11 yards in the Redskins' Week 6 win over the Panthers, adding a six-yard reception.","${player_name} rushed twice for ${rush_yards} yards in the ${team}' week ${temp_var_0} win over the ${opp}, adding a ${temp_var_1} yard reception."
"Kapri Bibbs rushed two times for 16 yards, adding four catches for 43 yards and one touchdown through the air in the Redskins' Week 7 win over the Cowboys.","${player_name} rushed ${rush_attempts} times for 16 yards, adding ${reception} catches for ${rec_yards} yards and ${rec_td} touchdown through the air in the Redskins' week ${week} win over the ${opp}."
Adam Thielen caught 6-of-12 targets for 102 yards in the Vikings' Week 1 win over the 49ers.,${player_name} caught ${reception} of 12 targets for ${rec_yards} yards in the ${team}' week ${week} win over the ${opp}.
Adam Thielen hauled in 12-of-13 targets for 131 yards and a touchdown in the Vikings' Week 2 tie with the Packers.,${player_name} hauled in ${reception} of 13 targets for ${rec_yards} yards and a touchdown in the ${team}' week ${week} tie with the ${opp}.
Adam Thielen hauled in 14-of-19 targets for 105 yards in the Vikings' Week 3 loss to the Bills.,${player_name} hauled in ${reception} of 19 targets for ${rec_yards} yards in the ${team}' week ${week} loss to the ${opp}.
Adam Thielen caught 7-of-10 targets for 116 yards and a touchdown in the Vikings' Week 5 win over the Eagles.,${player_name} caught ${reception} of 10 targets for ${rec_yards} yards and a touchdown in the ${team}' week ${week} win over the ${opp}.
Adam Thielen caught 11-of-15 targets for 123 yards and a touchdown in the Vikings' Week 6 win over the Cardinals.,${player_name} caught ${reception} of 15 targets for ${rec_yards} yards and a touchdown in the ${team}' week ${week} win over the ${opp}.
"Adam Thielen caught 9-of-10 targets for 110 yards and one touchdown in the Vikings' 37-17, Week 7 win over the Jets.","${player_name} caught ${reception} of 10 targets for ${rec_yards} yards and ${rec_td} touchdown in the Vikings' 37 17, week ${week} win over the ${opp}."
Stefon Diggs caught 3-of-6 targets for 43 yards and one touchdown in the Vikings' Week 1 win over the 49ers.,${player_name} caught ${reception} of 6 targets for ${rec_yards} yards and ${temp_var_0} touchdown in the ${team}' week ${temp_var_1} win over the ${opp}.
Stefon Diggs hauled in 9-of-13 targets for 128 yards and two touchdowns in the Vikings' Week 2 tie with the Packers.,${player_name} hauled in ${reception} of 13 targets for ${rec_yards} yards and ${temp_var_0} touchdowns in the ${team}' week ${temp_var_1} tie with the ${opp}.
Stefon Diggs caught 4-of-10 targets for 17 yards in the Vikings' Week 3 loss to the Bills.,${player_name} caught ${reception} of 10 targets for ${rec_yards} yards in the ${team}' week ${week} loss to the ${opp}.
"Stefon Diggs caught 10-of-11 targets for 91 yards in the Vikings' Week 5 win over the Eagles, adding two carries for 25 additional yards.","${player_name} caught ${reception} of 11 targets for ${rec_yards} yards in the ${team}' week ${week} win over the ${opp}, adding ${rush_attempts} carries for ${rush_yards} additional yards."
Stefon Diggs caught 3-of-5 passes for 33 yards in Week 6 against the Cardinals.,${player_name} caught ${reception} of 5 passes for ${rec_yards} yards in week ${week} against the ${opp}.
Stefon Diggs caught 8-of-14 targets for 33 yards in the Vikings' Week 7 win over the Jets.,${player_name} caught ${reception} of 14 targets for ${rec_yards} yards in the Vikings' week ${week} win over the ${opp}.
Laquon Treadwell caught 2-of-4 targets for 18 yards in the Vikings' Week 1 win over the 49ers.,${player_name} caught ${reception} of 4 targets for ${rec_yards} yards in the ${team}' week ${week} win over the ${opp}.
Laquon Treadwell hauled in 2-of-6 targets for 23 yards and a touchdown in the Vikings' Week 2 tie with the Packers.,${player_name} hauled in ${temp_var_0} of 6 targets for ${rec_yards} yards and a touchdown in the ${team}' week ${temp_var_1} tie with the ${opp}.
Laquon Treadwell hauled in all four of his targets for 33 yards in the Vikings' Week 3 loss to the Bills.,${player_name} hauled in all ${reception} of his targets for ${rec_yards} yards in the ${team}' week ${week} loss to the ${opp}.
Jacquizz Rodgers rushed twice for only one yard while catching his lone target for a two-yard gain Sunday in the Buccaneeers’ Week 1 win over the Saints.,${player_name} rushed twice for only ${temp_var_0} yard while catching his lone target for a ${temp_var_1} yard gain Sunday in the Buccaneeers' week ${temp_var_2} win over the ${opp}.
Steelers WR Antonio Brown caught 9-of-16 targets for 93 yards and touchdown in Sunday's Week 1 game versus the Browns.,${team} ${player_position} ${player_name} caught ${reception} of 16 targets for ${rec_yards} yards and touchdown in Sunday's week ${temp_var_0} game versus the ${opp}.
Antonio Brown caught 9-of-17 targets for 67 yards in the Steelers' Week 2 loss to the Chiefs.,${player_name} caught ${reception} of 17 targets for ${rec_yards} yards in the ${team}' week ${week} loss to the ${opp}.
Antonio Brown caught 6-of-13 targets for 101 yards and two touchdowns in the Steelers' Week 5 win over the Falcons.,${player_name} caught ${reception} of 13 targets for ${rec_yards} yards and ${rec_td} touchdowns in the ${team}' week ${week} win over the ${opp}.
"Antonio Brown caught 5-of-6 targets for 105 yards and one touchdown in the Steelers' 28-21, Week 6 win over the Bengals.","${player_name} caught ${reception} of ${week} targets for ${rec_yards} yards and ${rec_td} touchdown in the Steelers' 28 ${rec_avg}, week ${week} win over the ${opp}."
Steelers WR Justin Hunter is a healthy scratch for Week 2 against the Chiefs.,${team} ${player_position} Justin Hunter is a healthy scratch for week ${week} against the ${opp}.
James Washington caught 1-of-5 targets for 14 yards and a touchdown in the Steelers' Week 2 loss to the Chiefs.,${player_name} caught ${temp_var_0} of 5 targets for ${temp_var_1} yards and a touchdown in the ${team}' week ${week} loss to the ${opp}.
Steelers WR JuJu Smith-Schuster caught 5-of-8 targets for 119 yards in Sunday's Week 1 game versus the Browns.,${team} ${player_position} ${player_name} caught ${reception} of 8 targets for ${rec_yards} yards in Sunday's week ${week} game versus the ${opp}.
JuJu Smith-Schuster caught 13-of-19 targets for 121 yards and a touchdown in the Steelers' Week 2 loss to the Chiefs.,${player_name} caught ${reception} of 19 targets for ${rec_yards} yards and a touchdown in the ${team}' week ${week} loss to the ${opp}.
JuJu Smith-Schuster caught 4-of-4 targets for 34 yards and a touchdown in the Steelers' Week 5 win over the Falcons.,${player_name} caught ${reception} of ${reception} targets for ${rec_yards} yards and a touchdown in the ${team}' week ${week} win over the ${opp}.
JuJu Smith-Schuster caught 7-of-10 targets for 111 yards in the Steelers' Week 6 win over the Bengals.,${player_name} caught ${reception} of 10 targets for ${rec_yards} yards in the Steelers' week ${week} win over the ${opp}.
Jared Cook caught 4-of-4 targets for 49 yards in Sunday's Week 2 loss to the Broncos.,${player_name} caught ${reception} of ${reception} targets for ${rec_yards} yards in Sunday's week ${week} loss to the ${opp}.
Jared Cook caught 5-of-6 targets for 31 yards in the Raiders' Week 3 loss to the Dolphins.,${player_name} caught ${reception} of 6 targets for ${rec_yards} yards in the ${team}' week ${week} loss to the ${opp}.
Jared Cook caught 8-of-13 targets for 110 yards and two touchdowns in the Raiders' Week 4 win over Cleveland.,${player_name} caught ${reception} of 13 targets for ${rec_yards} yards and ${rec_td} touchdowns in the ${team}' week ${week} win over ${opp}.
Jared Cook caught 4-of-6 targets for 20 yards in the Raiders' Week 5 loss to the Chargers.,${player_name} caught ${reception} of 6 targets for ${rec_yards} yards in the ${team}' week ${temp_var_0} loss to the ${opp}.
Jared Cook caught 2-of-2 targets for 10 yards in the Raiders' Week 6 loss to Seattle.,${player_name} caught ${reception} of ${reception} targets for ${rec_yards} yards in the Raiders' week ${week} loss to ${opp}.
Blaine Gabbert completed 11-of-22 passes for 117 yards and an interception in the Titans' Week 1 loss to Miami.,${player_name} completed ${pass_completions} of ${pass_attempts} passes for ${pass_yards} yards and an interception in the ${team}' week ${temp_var_0} loss to ${opp}.
"ESPN's Adam Schefter reports it's ""looking more"" like Blaine Gabbert will start in Week 2 against the Texans.","ESPN's Adam Schefter reports it's ""looking more"" like ${player_name} will start in week ${temp_var_0} against the ${opp}."
Blaine Gabbert is warming up with the Titans' first string offense.,${player_name} is warming up with the ${team}' first string offense.
Blaine Gabbert will start in Week 2 against the Texans.,${player_name} will start in week ${temp_var_0} against the ${opp}.
Blaine Gabbert completed 13-of-20 passes for 117 yards and one touchdown in the Titans' Week 2 win over the Texans.,${player_name} completed ${pass_completions} of ${pass_attempts} passes for ${pass_yards} yards and ${temp_var_0} touchdown in the ${team}' week ${temp_var_1} win over the ${opp}.
Titans QB Blaine Gabbert is expected to start in Week 3 against the Jaguars.,${team} ${player_position} ${player_name} is expected to start in week ${temp_var_0} against the ${opp}.
Blaine Gabbert left Sunday's Week 3 game with a concussion.,${player_name} left Sunday's week ${temp_var_0} game with a concussion.
Dion Lewis rushed 16 times for 75 yards and a touchdown and caught 5-of-8 targets for 35 yards in the Titans' Week 1 loss to Miami.,${player_name} rushed ${rush_attempts} times for ${rush_yards} yards and a touchdown and caught ${reception} of 8 targets for ${rec_yards} yards in the ${team}' week ${temp_var_0} loss to ${opp}.
Dion Lewis rushed 14 times for 42 yards and hauled in his only target for one yard in the Titans' Week 2 win over the Texans.,${player_name} rushed ${rush_attempts} times for ${rush_yards} yards and hauled in his only target for ${temp_var_0} yard in the ${team}' week ${week} win over the ${opp}.
Dion Lewis rushed nine times for 26 yards and caught 3-of-3 targets for 14 yards in Tennessee's Week 3 upset win over Jacksonville.,${player_name} rushed ${rush_attempts} times for ${rush_yards} yards and caught ${temp_var_0} of ${temp_var_1} targets for ${rec_yards} yards in ${team}'s week ${temp_var_2} upset win over ${opp}.
Dion Lewis hauled in all nine of his targets for 66 yards in the Titans' Week 4 win over the Eagles.,${player_name} hauled in all ${reception} of his targets for ${rec_yards} yards in the ${team}' week ${temp_var_0} win over the ${opp}.
Dion Lewis rushed 12 times for 34 yards and caught 3-of-4 targets for 14 yards in the Titans' Week 5 loss to Buffalo.,${player_name} rushed ${rush_attempts} times for ${rush_yards} yards and caught ${reception} of 4 targets for ${rec_yards} yards in the ${team}' week ${week} loss to ${opp}.
Dion Lewis handled five carries for nine yards and caught both of his targets for another five yards in the Titans' Week 6 loss to the Ravens.,${player_name} handled ${temp_var_0} carries for ${rush_yards} yards and caught both of his targets for another ${temp_var_1} yards in the ${team}' week ${week} loss to the ${opp}.
Dion Lewis rushed 13 times for 93 yards and caught six passes for 64 yards in Week 7 against the Chargers.,${player_name} rushed ${rush_attempts} times for 93 yards and caught ${reception} passes for ${rec_yards} yards in week ${temp_var_0} against the ${opp}.
Derrick Henry rushed ten times for 26 yards and caught his lone target for five yards in the Titans' Week 1 loss to Miami.,${player_name} rushed ${rush_attempts} times for ${rush_yards} yards and caught his lone target for ${temp_var_0} yards in the ${team}' week ${temp_var_1} loss to ${opp}.
Derrick Henry rushed 18 times for 56 yards in the Titans' Week 2 win over the Texans.,${player_name} rushed ${rush_attempts} times for ${rush_yards} yards in the ${team}' week ${week} win over the ${opp}.
Derrick Henry rushed 18 times for 57 yards in the Titans' Week 3 win over the Jaguars.,${player_name} rushed ${rush_attempts} times for ${rush_yards} yards in the ${team}' week ${week} win over the ${opp}.
Derrick Henry rushed eight times for 24 yards and caught two passes for seven yards in the Titans' Week 4 win over the Eagles.,${player_name} rushed ${rush_attempts} times for ${rush_yards} yards and caught ${reception} passes for ${rec_yards} yards in the ${team}' week ${week} win over the ${opp}.
Derrick Henry rushed 11 times for 56 yards in the Titans' Week 5 loss to Buffalo.,${player_name} rushed ${rush_attempts} times for ${rush_yards} yards in the ${team}' week ${week} loss to ${opp}.
Derrick Henry rushed seven times for 21 yards and caught his only target for five yards in the Titans' dreadful Week 6 loss to the Ravens.,${player_name} rushed ${rush_attempts} times for ${rush_yards} yards and caught his only target for ${temp_var_0} yards in the ${team}' dreadful week ${week} loss to the ${opp}.
Derrick Henry had 12 carries for 33 yards and a touchdown in Week 7 against the Chargers.,${player_name} had ${rush_attempts} carries for ${rush_yards} yards and a touchdown in week ${week} against the ${opp}.
Jamison Crowder managed three catches for 32 yards on four targets Sunday in Washington’s Week 1 victory over the Cardinals.,${player_name} managed ${reception} catches for ${rec_yards} yards on 4 targets Sunday in ${team}'s week ${week} victory over the ${opp}.
Jamison Crowder absorbed two-of-four targets for eight yards while adding a team-leading 29 rushing yards on two carries Sunday in the Redskins’ Week 2 loss to the Colts.,${player_name} absorbed ${temp_var_0} of ${rec_avg} targets for ${rec_yards} yards while adding a team-leading ${rush_yards} rushing yards on ${temp_var_1} carries Sunday in the ${team}' week ${temp_var_2} loss to the ${opp}.
Jamison Crowder caught 4-of-4 targets for 39 yards and a touchdown in the Redskins' Week 3 win over the Packers.,${player_name} caught ${reception} of ${reception} targets for ${rec_yards} yards and a touchdown in the ${team}' week ${week} win over the ${opp}.
Kyle Rudolph caught 1-of-2 targets for an 11-yard touchdown in the Vikings' Week 1 win over the 49ers.,${player_name} caught ${temp_var_0} of 2 targets for an ${temp_var_1} yard touchdown in the ${team}' week ${temp_var_2} win over the ${opp}.
Kyle Rudolph hauled in 7-of-8 targets for 72 yards in the Vikings' Week 2 tie with the Packers.,${player_name} hauled in ${reception} of 8 targets for ${rec_yards} yards in the ${team}' week ${week} tie with the ${opp}.
Kyle Rudolph hauled in 5-of-6 targets for 48 yards and one touchdown in the Vikings' Week 3 loss to the Bills.,${player_name} hauled in ${reception} of 6 targets for ${rec_yards} yards and ${rec_td} touchdown in the ${team}' week ${week} loss to the ${opp}.
Kyle Rudolph caught 5-of-5 targets for 41 yards in the Vikings' Week 5 win over the Eagles.,${player_name} caught ${temp_var_0} of ${temp_var_1} targets for ${rec_yards} yards in the ${team}' week ${temp_var_2} win over the ${opp}.
Kyle Rudolph caught four passes for 37 yards in Week 6 against the Cardinals.,${player_name} caught ${reception} passes for ${rec_yards} yards in week ${week} against the ${opp}.
Kyle Rudolph caught just 1-of-4 targets for 16 yards in the Vikings' Week 7 win over the Jets.,${player_name} caught just ${reception} of 4 targets for ${temp_var_0} yards in the Vikings' week ${week} win over the ${opp}.
Mike Evans tallied seven catches for 147 yards and a touchdown on seven targets Sunday in the Buccaneers’ improbable Week 1 win over the Saints.,${player_name} tallied ${reception} catches for ${rec_yards} yards and a touchdown on ${reception} targets Sunday in the ${team}' improbable week ${temp_var_0} win over the ${opp}.
Mike Evans caught 10-of-12 targets for 83 yards and a touchdown in the Bucs' Week 2 win over the Eagles.,${player_name} caught ${reception} of 12 targets for ${rec_yards} yards and a touchdown in the ${team}' week ${week} win over the ${opp}.
Mike Evans hauled in 6-of-9 targets for 59 yards in the Bucs' Week 4 loss to the Bears.,${player_name} hauled in ${reception} of 9 targets for ${rec_yards} yards in the ${team}' week ${week} loss to the ${opp}.
Mike Evans hauled in 4-of-5 targets for 58 yards in the Bucs' Week 6 loss to the Falcons.,${player_name} hauled in ${reception} of 5 targets for ${rec_yards} yards in the ${team}' week ${week} loss to the ${opp}.
Mike Evans caught 7-of-10 targets for 107 yards in Sunday's Week 7 win over the Browns.,${player_name} caught ${temp_var_0} of 10 targets for ${rec_yards} yards in Sunday's week ${temp_var_1} win over the ${opp}.
Adam Humphries supplied three catches for 27 yards on five targets Sunday in the Buccaneers’ Week 1 win over the Saints.,${player_name} supplied ${reception} catches for ${rec_yards} yards on 5 targets Sunday in the ${team}' week ${week} win over the ${opp}.
Adam Humphries hauled in 3-of-4 targets for 82 yards in the Bucs' Week 6 loss to the Falcons.,${player_name} hauled in ${reception} of 4 targets for ${rec_yards} yards in the ${team}' week ${temp_var_0} loss to the ${opp}.
Adam Humphries caught 4-of-8 targets for 37 yards in Sunday's Week 7 win over the Browns.,${player_name} caught ${reception} of 8 targets for ${rec_yards} yards in Sunday's week ${week} win over the ${opp}.
DeSean Jackson left Sunday's Week 1 game against the Saints with a concussion and will not return.,${player_name} left Sunday's week ${week} game against the ${opp} with a concussion and will not return.
NFL Network's Peter Schrager reports DeSean Jackson cleared the concussion protocol and will play against the Eagles.,NFL Network's Peter Schrager reports ${player_name} cleared the concussion protocol and will play against the ${opp}.
DeSean Jackson is active for Week 2 against the Eagles.,${player_name} is active for week ${week} against the ${opp}.
DeSean Jackson caught 4-of-4 targets for 129 yards and a touchdown in the Bucs' Week 2 win over the Eagles.,${player_name} caught ${reception} of ${reception} targets for ${rec_yards} yards and a touchdown in the ${team}' week ${week} win over the ${opp}.
DeSean Jackson caught 5-of-8 targets for 112 yards in the Bucs' Week 4 loss to the Bears.,${player_name} caught ${reception} of 8 targets for ${rec_yards} yards in the ${team}' week ${week} loss to the ${opp}.
DeSean Jackson hauled in 4-of-9 targets for 77 yards in the Bucs' Week 6 loss to the Falcons.,${player_name} hauled in ${reception} of ${punt_ret_yards} targets for ${rec_yards} yards in the ${team}' week ${week} loss to the ${opp}.
DeSean Jackson caught 2-of-5 targets for 25 yards while rushing twice for eight yards and a touchdown in Sunday's Week 7 win over the Browns.,${player_name} caught ${temp_var_0} of 5 targets for ${rec_yards} yards while rushing twice for ${rush_yards} yards and a touchdown in Sunday's week ${week} win over the ${opp}.
Chris Godwin collected three catches for 41 yards and a touchdown on four targets Sunday in the Buccaneers’ Week 1 win over New Orleans.,${player_name} collected ${reception} catches for ${rec_yards} yards and a touchdown on 4 targets Sunday in the ${team}' week ${temp_var_0} win over ${opp}.
Chris Godwin caught 5-of-6 targets for 56 yards and a touchdown in the Bucs' Week 2 win over Philadelphia.,${player_name} caught ${reception} of 6 targets for ${rec_yards} yards and a touchdown in the ${team}' week ${week} win over ${opp}.
Chris Godwin caught his only two targets for 22 yards in Sunday's Week 4 trouncing to the Bears.,${player_name} caught his only ${reception} targets for ${rec_yards} yards in Sunday's week ${week} trouncing to the ${opp}.
Chris Godwin caught 6-of-9 targets for 56 yards and a touchdown in the Bucs' Week 6 loss to the Falcons.,${player_name} caught ${temp_var_0} of 9 targets for ${rec_yards} yards and a touchdown in the ${team}' week ${temp_var_1} loss to the ${opp}.
Chris Godwin caught 5-of-6 passes for 59 yards in Sunday's Week 7 win over the Browns.,${player_name} caught ${reception} of 6 passes for ${rec_yards} yards in Sunday's week ${week} win over the ${opp}.
O.J. Howard absorbed both of his targets for 54 yards Sunday in Tampa Bay’s Week 1 win over the Saints.,${player_name} absorbed both of his targets for ${rec_yards} yards Sunday in ${team}'s week ${week} win over the ${opp}.
O.J. Howard caught 3-of-4 targets for 96 yards and a touchdown in the Bucs' Week 2 win over the Eagles.,${player_name} caught ${reception} of 4 targets for ${rec_yards} yards and a touchdown in the ${team}' week ${week} win over the ${opp}.
O.J. Howard (knee) will undergo an MRI on Monday.,${player_name} (knee) will undergo an MRI on Monday.
O.J. Howard (knee) is active Week 6 against the Falcons.,${player_name} (knee) is active week ${week} against the ${opp}.
O.J. Howard hauled in all four of his targets for 62 yards and a touchdown in the Bucs' Week 6 loss to the Falcons.,${player_name} hauled in all ${reception} of his targets for ${rec_yards} yards and a touchdown in the ${team}' week ${week} loss to the ${opp}.
O.J. Howard caught 5-of-9 passes for 67 yards in Sunday's Week 7 win over the Browns.,${player_name} caught ${reception} of 9 passes for ${rec_yards} yards in Sunday's week ${week} win over the ${opp}.
Cameron Brate failed to catch either of his two targets Sunday in the Buccaneers’ Week 1 victory over the Saints.,${player_name} failed to catch either of his 2 targets Sunday in the ${team}' week ${week} victory over the ${opp}.
Cameron Brate was held catch-less in Week 2 against the Eagles.,${player_name} was held catch-less in week ${week} against the ${opp}.
Cameron Brate caught 3-of-4 targets for 29 yards and one touchdown in the Bucs' Week 4 loss to the Bears.,${player_name} caught ${reception} of ${week} targets for ${rec_yards} yards and ${rec_td} touchdown in the ${team}' week ${week} loss to the ${opp}.
Cameron Brate hauled in his only target for a 15-yard touchdown in the Bucs' Week 6 loss to the Falcons.,${player_name} hauled in his only target for a ${temp_var_0} yard touchdown in the ${team}' week ${week} loss to the ${opp}.
Cameron Brate caught 3-of-4 targets for 23 yards in Sunday's Week 7 win over the Browns.,${player_name} caught ${reception} of 4 targets for ${rec_yards} yards in Sunday's week ${week} win over the ${opp}.
"Vance McDonald (questionable, foot) is expected to play Week 2 against the Chiefs.","${player_name} (questionable, foot) is expected to play week ${week} against the ${opp}."
Vance McDonald caught 3-of-5 targets for 26 yards in the Steelers' Week 2 loss to the Chiefs.,${player_name} caught ${reception} of 5 targets for ${rec_yards} yards in the ${team}' week ${week} loss to the ${opp}.
Vance McDonald caught 1-of-2 targets for six yards in the Steelers' Week 5 win over the Falcons.,${player_name} caught ${reception} of 2 targets for ${temp_var_0} yards in the ${team}' week ${week} win over the ${opp}.
Vance McDonald caught 7-of-8 targets for 68 yards in the Steelers' Week 6 win over the Bengals.,${player_name} caught ${reception} of 8 targets for ${rec_yards} yards in the Steelers' week ${week} win over the ${opp}.
Steelers TE Jesse James caught 3-of-5 targets for 60 yards in Sunday's Week 1 game versus the Browns.,${team} ${player_position} ${player_name} caught ${reception} of 5 targets for ${rec_yards} yards in Sunday's week ${week} game versus the ${opp}.
Jesse James caught 5-of-5 targets for 138 yards and a touchdown in the Steelers' Week 2 loss to the Chiefs.,${player_name} caught ${reception} of ${reception} targets for ${rec_yards} yards and a touchdown in the ${team}' week ${week} loss to the ${opp}.
Corey Davis caught 6-of-13 targets for 62 yards in the Titans' Week 1 loss to Miami.,${player_name} caught ${reception} of 13 targets for ${rec_yards} yards in the ${team}' week ${week} loss to ${opp}.
Corey Davis caught 5-of-7 targets for 55 yards in the Titans' Week 2 win over the Texans.,${player_name} caught ${reception} of 7 targets for ${rec_yards} yards in the ${team}' week ${week} win over the ${opp}.
Corey Davis caught 2-of-4 targets for 34 yards in the Titans' Week 3 win over the Jaguars.,${player_name} caught ${reception} of 4 targets for ${rec_yards} yards in the ${team}' week ${week} win over the ${opp}.
Corey Davis hauled in 9-of-15 targets for 161 yards and a touchdown in the Titans' Week 4 win over the Eagles.,${player_name} hauled in ${reception} of 15 targets for ${rec_yards} yards and a touchdown in the ${team}' week ${week} win over the ${opp}.
Corey Davis caught 4-of-6 targets for 49 yards in the Titans' Week 5 loss to the Bills.,${player_name} caught ${reception} of 6 targets for ${rec_yards} yards in the ${team}' week ${week} loss to the ${opp}.
Corey Davis vacuumed just one of his four targets for 24 yards in the Titans' Week 6 romping to the Ravens.,${player_name} vacuumed just ${reception} of his 4 targets for ${temp_var_0} yards in the ${team}' week ${week} romping to the ${opp}.
Corey Davis caught 3-of-7 passes for 10 yards in Week 7 against the Chargers.,${player_name} caught ${reception} of ${week} passes for ${rec_yards} yards in week ${week} against the ${opp}.
Taywan Taylor went catch-less in Week 1 against the Dolphins.,${player_name} went catch-less in week ${week} against the ${opp}.
Taywan Taylor caught 3-of-4 targets for 32 yards and one touchdown in the Titans' Week 2 victory over the Texans.,${player_name} caught ${reception} of 4 targets for ${rec_yards} yards and ${rec_td} touchdown in the ${team}' week ${week} victory over the ${opp}.
Taywan Taylor caught 4-of-5 targets for 30 yards in the Titans' Week 3 win over the Jaguars.,${player_name} caught ${reception} of 5 targets for ${rec_yards} yards in the ${team}' week ${week} win over the ${opp}.
Taywan Taylor hauled in 7-of-9 targets for 77 yards in the Titans' Week 4 win over the Eagles.,${player_name} hauled in ${reception} of 9 targets for ${rec_yards} yards in the ${team}' week ${week} win over the ${opp}.
Taywan Taylor caught 3-of-5 targets for 30 yards in the Titans' Week 5 loss to the Bills.,${player_name} caught ${reception} of ${week} targets for ${rec_yards} yards in the ${team}' week ${week} loss to the ${opp}.
Taywan Taylor hauled in his only target for a measly 13 yards in the Titans' abysmal Week 6 loss to the Ravens.,${player_name} hauled in his only target for a measly ${temp_var_0} yards in the ${team}' abysmal week ${week} loss to the ${opp}.
Taywan Taylor one pass for eight yards in Week 7 against the Chargers.,${player_name} ${reception} pass for ${temp_var_0} yards in week ${week} against the ${opp}.
Paul Richardson exited Monday night's Week 5 blowout loss to the Saints with a right knee injury and is doubtful to return.,${player_name} exited Monday night's week ${week} blowout loss to the ${opp} with a right knee injury and is doubtful to return.
"According to NFL Network's Ian Rapoport, Paul Richardson (questionable, knee/shoulder) will be a game-time decision Week 6 against the Panthers.","According to NFL Network's Ian Rapoport, ${player_name} (questionable, knee/shoulder) will be a game-time decision week ${week} against the ${opp}."
"Paul Richardson (knee, shoulder) is active for Week 6 against the Panthers.","${player_name} (knee, shoulder) is active for week ${week} against the ${opp}."
Paul Richardson caught 3-of-5 targets for 31 yards and a touchdown in the Redskins' Week 6 win over the Panthers.,${player_name} caught ${reception} of 5 targets for ${rec_yards} yards and a touchdown in the ${team}' week ${week} win over the ${opp}.
Josh Doctson totaled just one catch for 11 yards on three targets Sunday in Washington’s Week 1 win over the Cardinals.,${player_name} totaled just ${temp_var_0} catch for ${temp_var_1} yards on 3 targets Sunday in ${team}'s week ${temp_var_2} win over the ${opp}.
Josh Doctson nabbed four-of-seven targets for 37 yards Sunday in the Redskins’ Week 2 loss to Indianapolis.,${player_name} nabbed ${reception} of 7 targets for ${rec_yards} yards Sunday in the ${team}' week ${week} loss to ${opp}.
Josh Doctson was held without a catch on three targets in the Redskins' Week 3 win over the Packers.,${player_name} was held without a catch on ${week} targets in the ${team}' week ${week} win over the ${opp}.
Josh Doctson (heel) is active for Week 6 against the Panthers.,${player_name} (heel) is active for week ${week} against the ${opp}.
Josh Doctson caught 3-of-6 targets for 20 yards in the Redskins' Week 6 win over the Panthers.,${player_name} caught ${reception} of ${week} targets for ${rec_yards} yards in the ${team}' week ${week} win over the ${opp}.
Josh Doctson hauled in 3-of-6 targets for 42 yards in Washington's Week 7 victory over the Cowboys.,${player_name} hauled in ${reception} of 6 targets for ${rec_yards} yards in Washington's week ${week} victory over the ${opp}.
Jonnu Smith didn't receive a target in the Titans' Week 2 win over the Texans.,${player_name} didn't receive a target in the ${team}' week ${week} win over the ${opp}.
Jonnu Smith caught 1-of-2 targets for nine yards in the Titans' Week 3 win over the Jaguars.,${player_name} caught ${reception} of 2 targets for ${temp_var_0} yards in the ${team}' week ${week} win over the ${opp}.
Jonnu Smith did not haul in either of his targets in the Titans' Week 4 win over the Eagles.,${player_name} did not haul in either of his targets in the ${team}' week ${week} win over the ${opp}.
Titans TE Jonnu Smith was held catch-less on two targets in Week 5.,${team} ${player_position} ${player_name} was held catch-less on 2 targets in week ${week}.
Jonnu Smith caught two passes for 11 yards in Week 7 against the Chargers.,${player_name} caught ${reception} passes for ${rec_yards} yards in week ${week} against the ${opp}.
Delanie Walker was carted off the field with a gruesome ankle/leg injury in the fourth quarter of Sunday's Week 1 game in Miami.,${player_name} was carted off the field with a gruesome ankle/leg injury in the fourth quarter of Sunday's week ${week} game in ${opp}.
"NFL Network's Ian Rapoport reports Delanie Walker has been diagnosed with a dislocated ankle along with a fracture and is ""almost certainly"" done for the season.","NFL Network's Ian Rapoport reports ${player_name} has been diagnosed with a dislocated ankle along with a fracture and is ""almost certainly"" done for the season."
Trey Quinn left Sunday's Week 1 game against the Cardinals with an ankle injury and will not return.,${player_name} left Sunday's week ${week} game against the ${opp} with an ankle injury and will not return.
Jordan Reed corralled four-of-five targets for 48 yards and a touchdown Sunday in the Redskins’ Week 1 win over the Cardinals.,${player_name} corralled ${reception} of 5 targets for ${rec_yards} yards and a touchdown Sunday in the ${team}' week ${temp_var_0} win over the ${opp}.
Jordan Reed handled six-of-eight targets for 55 yards Sunday in the Redskins’ Week 2 loss to the Colts.,${player_name} handled ${reception} of 8 targets for ${rec_yards} yards Sunday in the ${team}' week ${week} loss to the ${opp}.
Jordan Reed caught 4-of-7 targets for 65 yards in the Redskins' Week 3 win over the Packers.,${player_name} caught ${reception} of 7 targets for ${rec_yards} yards in the ${team}' week ${week} win over the ${opp}.
Jordan Reed caught 5-of-9 targets for 36 yards in the Redskins' Week 6 win over the Panthers.,${player_name} caught ${reception} of 9 targets for ${rec_yards} yards in the Redskins' week ${week} win over the ${opp}.
Jordan Reed caught 2-of-4 targets for 43 yards in the Redskins' Week 7 win over the Cowboys.,${player_name} caught ${reception} of 4 targets for ${rec_yards} yards in the Redskins' week ${week} win over the ${opp}.
Vernon Davis caught 3-of-3 targets for 48 yards and a touchdown in the Redskins' Week 6 win over the Panthers.,${player_name} caught ${reception} of ${reception} targets for ${rec_yards} yards and a touchdown in the ${team}' week ${week} win over the ${opp}.
Vernon Davis failed to record a single target in Washington's Week 7 win over the Cowboys.,${player_name} failed to record a single target in Washington's week ${week} win over the ${opp}.
